statename	STATEFIP	YEAR	_TYPE_	_FREQ_	smartphonepct	comppct	broadbandpct	intpct	agepct
			0	24854083	0.8705736187	0.8372327092	0.8434588941	0.8916869697	41.390592322
			1	1192738	0.8563478018	0.7864852476	0.7952955035	0.8546313167	41.581130139
			1	3646219	0.907744964	0.8716400328	0.8665466522	0.919858772	40.215773929
			1	122422	0.8897672129	0.8566114983	0.8974766699	0.9046515679	41.629568215
			1	1515049	0.8782157092	0.8551052648	0.8789296746	0.901665898	44.770237794
			1	756659	0.8746708161	0.8224206529	0.8484227856	0.8779285399	40.257688073
			1	114810	0.8951593861	0.8674880447	0.895902239	0.9210348623	41.931809076
			1	1914050	0.8632757956	0.8323028225	0.8205741398	0.8901944528	41.119645777
			1	588419	0.8463414775	0.8038846881	0.8234031533	0.8720966789	41.351502926
			1	339047	0.8449538184	0.7533491624	0.8003603128	0.8323691687	41.612481455
			1	3144389	0.8596681124	0.8402453331	0.824723947	0.891886194	42.025099312
			1	3696141	0.863895643	0.8463944204	0.8782592973	0.8945191815	41.645566011
			1	1549287	0.8572709438	0.8188537942	0.8260477782	0.8832215962	41.612455923
			1	1027508	0.8222907326	0.8302375237	0.8760416327	0.8809326571	42.943011636
			1	81798	0.8560812431	0.8572051709	0.9106835323	0.9114917916	42.793417932
			1	448605	0.8487672252	0.7967594989	0.8299879365	0.8586594992	42.21724234
			1	2529908	0.8831691523	0.8026705079	0.8004399505	0.8729545995	39.752799311
			1	241732	0.9292747833	0.9201393352	0.854359538	0.9463953658	34.921193719
			1	707335	0.8789887415	0.8695962422	0.8555203157	0.9091298039	41.056281677
			1	1237967	0.8586606781	0.8561468247	0.8302836513	0.9026884291	41.996471635
		2013	2	3132795		0.8411141553	0.8723256245	0.8378205143	40.458839152
		2014	2	3132610		0.8370055805	0.8694795904	0.8488852382	40.823441156
		2015	2	3147005		0.8377581337	0.868854713	0.8628841071	41.083592495
		2016	2	3156487	0.8060876757	0.8301569004	0.8291343039	0.8933943756	41.311650262
		2017	2	3190040	0.8608726292	0.8330793974	0.8274365238	0.9089637343	41.287229
		2018	2	3214539	0.8819384371	0.8337215426	0.8231025968	0.919646894	41.634480403
		2019	2	3239553	0.8981562914	0.8356587199	0.8259065165	0.9280701709	42.224377252
		2020	2	2641054	0.9127384957	0.8523195098	0.8395099051	0.9403223514	42.433971059
		2013	3	150707		0.7901910588	0.8472808495	0.7849036335	40.495358543
		2013	3	459892		0.8681737161	0.8931894235	0.8676030593	39.178215755
		2013	3	15339		0.8527018569	0.9288493127	0.846442729	40.943477411
		2013	3	191034		0.8539957701	0.9145595858	0.8499297741	43.732864307
		2013	3	96568		0.8271808979	0.8868774506	0.8216138047	39.101255074
		2013	3	14286		0.8833555654	0.9209493063	0.8762412924	40.917891642
		2013	3	242036		0.841269429	0.8437914476	0.835785364	40.215534053
		2013	3	74366		0.8179397476	0.8567563615	0.8141013838	40.584971627
		2013	3	44627		0.7613379219	0.862479945	0.7625165001	40.496896498
		2013	3	396629		0.8469000287	0.850911389	0.8393269302	41.143771635
		2013	3	468264		0.8498297573	0.9106062112	0.847573312	40.685856696
		2013	3	194711		0.8268334865	0.8499820858	0.8266119008	40.850470698
		2013	3	128382		0.8380749053	0.9109628531	0.8332257584	42.069822872
		2013	3	10618		0.8727162612	0.9537565383	0.8751387908	41.842154831
		2013	3	55945		0.801595534	0.8603843832	0.7958055938	41.409616588
		2013	3	318747		0.8072551003	0.8223512918	0.8104005263	38.849758586
		2013	3	28967		0.9207484082	0.8436972715	0.9082630811	33.858666759
		2013	3	89432		0.8739299059	0.8802288927	0.8666934683	40.215672243
		2013	3	152245		0.8591973175	0.8437523661	0.8514673245	41.245807744
		2014	3	150126		0.7829901372	0.8316551028	0.7983501439	41.028755845
		2014	3	461467		0.8673856863	0.8847247659	0.8837310873	39.496761415
		2014	3	15531		0.8509270028	0.9187323241	0.8669357597	40.946043397
		2014	3	192673		0.8531224467	0.9122535323	0.8607357946	44.096500288
		2014	3	97519		0.8176515535	0.8820282151	0.8318248835	39.353490089
		2014	3	14322		0.8816559283	0.9197142371	0.8940976079	40.874109761
		2014	3	240626		0.8343463655	0.8419874688	0.8470604639	40.664832562
		2014	3	73670		0.8073887682	0.849153008	0.8207709024	40.97145378
		2014	3	43908		0.7559476843	0.8464150451	0.7719436674	40.888949622
		2014	3	393386		0.8416459287	0.85322531	0.8502500609	41.543471298
		2014	3	468585		0.8480973545	0.9107848658	0.8562609854	41.012853591
		2014	3	194097		0.8218122385	0.8446840981	0.8391358232	41.19400609
		2014	3	127859		0.8320718388	0.9084502714	0.8408442054	42.491338115
		2014	3	10803		0.8481452093	0.9413292409	0.8715532632	41.807090623
		2014	3	55987		0.7920076943	0.8635431772	0.7993625768	41.903531177
		2014	3	320437		0.8009225374	0.8219061166	0.8191976266	39.210409534
		2014	3	28666		0.9193183857	0.8509074668	0.9194618834	34.652829136
		2014	3	89763		0.8726066017	0.8765063602	0.8775637261	40.455432639
		2014	3	153185		0.858489215	0.8462025681	0.8628127579	41.570121095
		2015	3	150714		0.78492456	0.8219405926	0.8185185444	41.366276524
		2015	3	464300		0.8684997065	0.8813079574	0.895882857	39.836627181
		2015	3	15627		0.8564824257	0.9200162404	0.873886736	41.157547834
		2015	3	194548		0.8535974157	0.9141475599	0.8773208268	44.390325267
		2015	3	97854		0.8213619903	0.8817917876	0.843626117	39.938265171
		2015	3	14124		0.8764415157	0.9191746952	0.9072936948	41.121566129
		2015	3	240312		0.8366313952	0.8410069612	0.8616952111	40.781975099
		2015	3	73523		0.8065474482	0.8526378207	0.8400310006	41.362185983
		2015	3	43892		0.757981142	0.8469225383	0.7938065381	41.360316231
		2015	3	395022		0.843082235	0.8527238519	0.8621284033	41.753307411
		2015	3	468137		0.8472119701	0.9127100849	0.8691500508	41.305634889
		2015	3	195366		0.8226528613	0.8428022043	0.8558943505	41.272754727
		2015	3	128145		0.8360545461	0.9112178353	0.8526807959	42.673377814
		2015	3	10563		0.8651053385	0.9356136821	0.8922069953	42.550127805
		2015	3	56765		0.7989855099	0.8642289425	0.8190888238	41.995772043
		2015	3	324773		0.7991521834	0.8211559522	0.8331514903	39.473887916
		2015	3	29290		0.9108174184	0.8341424592	0.9269744535	35.017753499
		2015	3	89798		0.8683414364	0.8821656932	0.8863408949	40.77384797
		2015	3	154252		0.8611201497	0.8497907413	0.8787046829	41.700133548
		2016	3	152471	0.7894943781	0.7767745051	0.7750721216	0.8576877975	41.355720104
		2016	3	466263	0.8535366769	0.8652938739	0.8528057343	0.921132722	40.15194
		2016	3	15519	0.8273144658	0.8457479614	0.8833346331	0.9033783321	41.608028868
		2016	3	196828	0.8095129541	0.8484522364	0.8590412909	0.9023098496	44.721284573
		2016	3	98064	0.8142989985	0.8130591392	0.8313101508	0.882801227	40.264133627
		2016	3	14247	0.8388223924	0.8667757044	0.8819148046	0.9185190692	41.622727592
		2016	3	240657	0.7933113892	0.8270330991	0.8096077214	0.8945287669	41.091304221
		2016	3	73329	0.7707179539	0.7969561402	0.8114536252	0.8749946056	41.271120566
		2016	3	43598	0.7786829927	0.7442875048	0.7822191797	0.8356151176	41.968897656
		2016	3	394324	0.7915285126	0.8342846897	0.8115139824	0.8944409209	41.917763058
		2016	3	469633	0.8019832309	0.840373393	0.8612461459	0.8942023477	41.554092238
		2016	3	194717	0.7854382556	0.8090673575	0.8158544167	0.8835870035	41.64986108
		2016	3	127270	0.747730004	0.8231406062	0.8620632955	0.8822856857	42.670126503
		2016	3	10338	0.7890958277	0.84684216	0.9007597896	0.90916658	43.21861095
		2016	3	57130	0.7773124039	0.7883392946	0.8090137339	0.8605978613	42.131086995
		2016	3	327653	0.8234638898	0.7922754512	0.7845997223	0.8746129292	39.636609462
		2016	3	29828	0.8703215055	0.9153878203	0.8527605021	0.9484410805	34.739573555
		2016	3	89957	0.8179614777	0.8660851238	0.8443612971	0.9105204613	41.09949198
		2016	3	154661	0.7862872977	0.8516338323	0.8250413071	0.9062278241	41.891918454
		2017	3	153275	0.8412099336	0.7795878595	0.7689442402	0.8740796146	41.613048442
		2017	3	469153	0.9010829842	0.8701221143	0.8550355113	0.9367902665	40.187629622
		2017	3	15508	0.8850708467	0.8443425286	0.8833752573	0.9237456363	41.579507351
		2017	3	199644	0.8694937541	0.852744122	0.8599341254	0.9178172255	44.665184028
		2017	3	99799	0.8648413323	0.8172147915	0.8196786185	0.8985785471	40.320884979
		2017	3	14433	0.8822534383	0.8515849084	0.8749083802	0.9281459145	41.641931684
		2017	3	242478	0.8520404191	0.828011316	0.8083399337	0.9074219865	40.998408103
		2017	3	74583	0.8310032546	0.7940851847	0.8072755926	0.886925145	41.142793934
		2017	3	44024	0.8299904489	0.7481852913	0.7697947214	0.8566141356	41.40989006
		2017	3	397691	0.8490137034	0.8367854821	0.8086024141	0.9095472454	41.783676271
		2017	3	474511	0.8544330974	0.8437116816	0.8607646336	0.9098219147	41.63587567
		2017	3	197166	0.8440878018	0.8111354411	0.814095625	0.9001495407	41.566502338
		2017	3	127433	0.8111616591	0.825517839	0.8596996483	0.8965738473	42.681824959
		2017	3	10516	0.8566911465	0.858119135	0.8923318738	0.9252345981	42.353081019
		2017	3	58319	0.8316461667	0.7888139037	0.808361254	0.876220021	42.02323428
		2017	3	332417	0.8757060374	0.7974927827	0.7829958264	0.8953966361	39.641299934
		2017	3	30904	0.9246478873	0.918175721	0.8524859458	0.9526827632	34.703015791
		2017	3	90762	0.8723100329	0.8647032181	0.8406363239	0.9238157177	40.882153324
		2017	3	157424	0.8483765781	0.8534835998	0.8238077634	0.9184935282	41.867459854
		2018	3	154981	0.8651773786	0.7836327508	0.7663831054	0.8907516293	41.804034043
		2018	3	471032	0.9182110842	0.8708491925	0.8521928971	0.9447944828	40.548134734
		2018	3	15672	0.8959549342	0.8483779015	0.8708456973	0.9284647753	42.056661562
		2018	3	202160	0.8934697625	0.8556044931	0.8566538664	0.9294010253	45.088083696
		2018	3	100855	0.8880521723	0.820257325	0.8195608595	0.9098114267	40.626146448
		2018	3	14400	0.9032759003	0.8523996155	0.8796901477	0.9358130592	42.397430556
		2018	3	243209	0.8770904235	0.8270064188	0.8018941435	0.9171671046	41.282871933
		2018	3	75042	0.8575824423	0.7968976128	0.801715069	0.9038934397	41.371258762
		2018	3	43589	0.8527910225	0.7471704474	0.7674233373	0.8727785002	41.764344215
		2018	3	400324	0.8701612435	0.8348190032	0.8025708616	0.919164614	42.316196381
		2018	3	477357	0.8741860204	0.843676246	0.8542467446	0.9184554936	41.99133772
		2018	3	198851	0.8688128517	0.8145789401	0.8109200492	0.9129534063	41.691346787
		2018	3	129066	0.8326326787	0.8271453605	0.8511118511	0.906904807	43.123208281
		2018	3	10489	0.8642000615	0.8476990878	0.8838118646	0.9332786717	43.228429784
		2018	3	58804	0.8622849327	0.7951191419	0.8063432528	0.8977575409	42.270185702
		2018	3	336050	0.8944796582	0.7981211044	0.7821864246	0.9086117083	39.938744234
		2018	3	31603	0.9410007223	0.9235997111	0.8579567434	0.9648039924	35.02540898
		2018	3	91191	0.8902134738	0.8668214583	0.8373601591	0.932908234	41.31289272
		2018	3	159864	0.8692954206	0.8494423062	0.816507799	0.9258699238	42.123523745
		2019	3	156866	0.8896046008	0.7883317358	0.7714407127	0.9034459183	42.453890582
		2019	3	472811	0.9306560714	0.8761841835	0.8547628705	0.9527519905	41.096943599
		2019	3	15908	0.915034849	0.8751410554	0.8853293199	0.9455692001	42.325433744
		2019	3	205294	0.9103210683	0.8565137093	0.8555244871	0.9376128914	45.886499362
		2019	3	101652	0.9016170283	0.8256228859	0.8339368024	0.9172819899	41.269812694
		2019	3	14228	0.9194535682	0.8595103016	0.8878001767	0.9464765602	43.66790835
		2019	3	242533	0.8894272291	0.8234877535	0.8020508163	0.9235369814	41.951256118
		2019	3	75346	0.8770639636	0.7953303041	0.8010910288	0.9115693813	41.953746715
		2019	3	43896	0.8782756312	0.7485893267	0.7634807655	0.8837748661	42.650719883
		2019	3	404097	0.8866663535	0.8343276026	0.8065605972	0.9253723943	42.772564508
		2019	3	481013	0.8899680547	0.8436539949	0.8560478374	0.9281668844	42.445786289
		2019	3	199461	0.8873800232	0.8144130366	0.8126196932	0.9198396794	42.313820747
		2019	3	129194	0.8495402459	0.8219960136	0.8494184075	0.91151887	43.89906652
		2019	3	10447	0.8823346787	0.8554279209	0.8844399956	0.9463934596	43.967263329
		2019	3	60021	0.8836171297	0.7995852883	0.8122633614	0.9074806263	43.109878209
		2019	3	341191	0.9103263608	0.8065253831	0.7895343086	0.9210890294	40.608313232
		2019	3	32371	0.9497299543	0.9231727973	0.8599335278	0.9713975264	35.370794847
		2019	3	91481	0.9054223882	0.8671439936	0.8385403586	0.9359413372	41.814879592
		2019	3	161743	0.8886365695	0.8517979375	0.8180753823	0.9348821863	42.627359453
		2020	3	123598	0.9053252895	0.810398484	0.7968108145	0.9184776939	42.689274907
		2020	3	381301	0.9415980716	0.8901175636	0.8633016575	0.9627114762	41.408509288
		2020	3	13318	0.9317843559	0.8831652059	0.8973725974	0.9553497602	42.520348401
		2020	3	132868	0.921694146	0.8728658462	0.8682310152	0.9495611716	45.817043984
		2020	3	64348	0.920296256	0.845756608	0.8441193963	0.9349901474	41.565005905
		2020	3	14770	0.9312694845	0.8683390125	0.8872093915	0.9607772058	43.167975626
		2020	3	222199	0.9087057346	0.8416783419	0.8224314286	0.9387023528	42.038825557
		2020	3	68560	0.8989628744	0.8174249697	0.8167238809	0.9284871186	42.209407818
		2020	3	31513	0.9028953074	0.7675711588	0.7763209857	0.9066368278	42.685304478
		2020	3	362916	0.9045624222	0.8514131658	0.8197593267	0.9382739823	43.033996848
		2020	3	388641	0.9066946726	0.8568022018	0.8667586773	0.9399006051	42.681472104
		2020	3	174918	0.9058044117	0.8322527466	0.8238236284	0.9318553695	42.425107765
		2020	3	130159	0.869455311	0.8379359501	0.8644253709	0.9229710914	43.908327507
		2020	3	8024	0.899319342	0.8658536585	0.8944108761	0.9524957459	43.63272682
		2020	3	45634	0.8981745101	0.8134794363	0.830802545	0.9202813599	42.981242056
		2020	3	228640	0.9235830744	0.8278304436	0.8115653912	0.9345716206	40.946728481
		2020	3	30103	0.958385395	0.9293002915	0.8792049489	0.9735179786	35.916287413
		2020	3	74951	0.9155460236	0.8791299559	0.8496379362	0.9445571528	42.038158263
		2020	3	144593	0.90278217	0.8652967869	0.8241591188	0.9425400631	42.960786483
Alabama	1		4	374532	0.8348059878	0.7549454782	0.7793948625	0.8369545356	42.640554078
Alaska	2		4	53397	0.8967661692	0.7772646249	0.7286745808	0.8546831956	36.100623631
Arizona	4		4	531064	0.8749686843	0.8311048057	0.8377718078	0.8804123385	41.263045509
Arkansas	5		4	233745	0.8389848442	0.7371501721	0.731007283	0.8240445464	41.85826007
California	6		4	2935205	0.9109202877	0.8672355471	0.8630642923	0.9175296856	39.991212539
Colorado	8		4	430164	0.9055299185	0.894542315	0.8572936994	0.9308428078	40.170527985
Connecticut	9		4	280850	0.8772834013	0.8827161197	0.9176076675	0.9274797711	42.631999288
Delaware	10		4	70973	0.8770561342	0.8524611778	0.8908393397	0.9090536185	43.957702225
District of Columbia	11		4	51449	0.9085865811	0.8626987538	0.9073675353	0.898195101	38.417947871
Florida	12		4	1515049	0.8782157092	0.8551052648	0.8789296746	0.901665898	44.770237794
Georgia	13		4	756659	0.8746708161	0.8224206529	0.8484227856	0.8779285399	40.257688073
Hawaii	15		4	114810	0.8951593861	0.8674880447	0.895902239	0.9210348623	41.931809076
Idaho	16		4	129161	0.8709259143	0.85802834	0.7588376301	0.900306724	39.95739426
Illinois	17		4	1002237	0.8753075766	0.8421624411	0.8384103424	0.8991128238	41.165714297
Indiana	18		4	524436	0.8477220605	0.8080901114	0.8097744811	0.8722636269	40.869911677
Iowa	19		4	258216	0.8439365837	0.8296424243	0.8029159098	0.8864571396	42.029409487
Kansas	20		4	233681	0.8614262444	0.8293546054	0.8152365703	0.8864277321	41.240704208
Kentucky	21		4	354738	0.8362640961	0.7870817891	0.8289545292	0.862642261	41.424490751
Louisiana	22		4	339047	0.8449538184	0.7533491624	0.8003603128	0.8323691687	41.612481455
Maine	23		4	103811	0.8002833795	0.8497184529	0.8503777013	0.8878324461	45.415331709
Maryland	24		4	465508	0.8935166937	0.8853967409	0.8934042404	0.9245520085	41.287576153
Massachusetts	25		4	541464	0.8794849957	0.8875013465	0.9167853295	0.9293796356	41.64960182
Michigan	26		4	792561	0.8506977508	0.8263066671	0.7887391283	0.8835356781	42.575633926
Minnesota	27		4	441941	0.8651199237	0.8627236443	0.7949477324	0.9052570988	41.929090082
Mississippi	28		4	225295	0.833385389	0.7077782878	0.7051631033	0.7953567829	41.342439912
Missouri	29		4	491995	0.8485892615	0.8080503361	0.7857254926	0.8698586451	41.756219067
Montana	30		4	81814	0.8107906414	0.8328400661	0.7770375103	0.8720195769	43.087063339
Nebraska	31		4	154491	0.8536371414	0.8391185701	0.8222990193	0.8910151453	40.999190891
Nevada	32		4	217608	0.8916363582	0.8467951789	0.8585784722	0.9021972964	41.088898386
New Hampshire	33		4	107672	0.8566180528	0.9029657555	0.9028267979	0.9353301901	43.700507096
New Jersey	34		4	686838	0.8931069352	0.8858487884	0.9176852187	0.9259613938	41.664976312
New Mexico	35		4	150560	0.803196476	0.7286616433	0.7676999617	0.7764992132	41.757106801
New York	36		4	1540585	0.8567782107	0.8503624637	0.883375791	0.8977990325	41.552029911
North Carolina	37		4	776076	0.8606932708	0.8206730619	0.8633534383	0.8764313907	41.815983228
North Dakota	38		4	62311	0.8401845973	0.8359798181	0.8707239459	0.8875989268	41.347916098
Ohio	39		4	931377	0.8465530578	0.8235017911	0.8578805081	0.8865144792	41.931156771
Oklahoma	40		4	299140	0.8626391729	0.7367531083	0.6949985389	0.8289946714	39.867814401
Oregon	41		4	318770	0.8830691079	0.8814160283	0.84421893	0.9238949008	42.318486683
Pennsylvania	42		4	1027508	0.8222907326	0.8302375237	0.8760416327	0.8809326571	42.943011636
Rhode Island	44		4	81798	0.8560812431	0.8572051709	0.9106835323	0.9114917916	42.793417932
South Carolina	45		4	377799	0.8534630459	0.7943477992	0.8289946232	0.8577463049	42.532714486
South Dakota	46		4	70806	0.8241184566	0.809635124	0.8352400685	0.8635348768	40.533980171
Tennessee	47		4	515914	0.8465950856	0.7862400981	0.8159691259	0.8570083234	41.743724729
Texas	48		4	2013994	0.8925290233	0.8068707562	0.7965702973	0.8770310845	39.242794666
Utah	49		4	241732	0.9292747833	0.9201393352	0.854359538	0.9463953658	34.921193719
Vermont	50		4	51259	0.8023166794	0.873643879	0.8629522742	0.9077108885	44.131528122
Virginia	51		4	656076	0.884990802	0.8692829525	0.854952682	0.9092396288	40.816013694
Washington	53		4	578631	0.9000918473	0.8934293787	0.8700098036	0.9336203862	41.048925827
West Virginia	54		4	140688	0.7858589081	0.7678377264	0.846110568	0.844362791	43.92196918
Wisconsin	55		4	472511	0.8279580565	0.83698108	0.7787849221	0.8824819206	42.727333332
Wyoming	56		4	46137	0.8611472331	0.8504069415	0.779991135	0.8966615098	40.523571103
Alabama	1		5	374532	0.8348059878	0.7549454782	0.7793948625	0.8369545356	42.640554078
Alaska	2		5	53397	0.8967661692	0.7772646249	0.7286745808	0.8546831956	36.100623631
Arizona	4		5	531064	0.8749686843	0.8311048057	0.8377718078	0.8804123385	41.263045509
Arkansas	5		5	233745	0.8389848442	0.7371501721	0.731007283	0.8240445464	41.85826007
California	6		5	2935205	0.9109202877	0.8672355471	0.8630642923	0.9175296856	39.991212539
Colorado	8		5	430164	0.9055299185	0.894542315	0.8572936994	0.9308428078	40.170527985
Connecticut	9		5	280850	0.8772834013	0.8827161197	0.9176076675	0.9274797711	42.631999288
Delaware	10		5	70973	0.8770561342	0.8524611778	0.8908393397	0.9090536185	43.957702225
District of Columbia	11		5	51449	0.9085865811	0.8626987538	0.9073675353	0.898195101	38.417947871
Florida	12		5	1515049	0.8782157092	0.8551052648	0.8789296746	0.901665898	44.770237794
Georgia	13		5	756659	0.8746708161	0.8224206529	0.8484227856	0.8779285399	40.257688073
Hawaii	15		5	114810	0.8951593861	0.8674880447	0.895902239	0.9210348623	41.931809076
Idaho	16		5	129161	0.8709259143	0.85802834	0.7588376301	0.900306724	39.95739426
Illinois	17		5	1002237	0.8753075766	0.8421624411	0.8384103424	0.8991128238	41.165714297
Indiana	18		5	524436	0.8477220605	0.8080901114	0.8097744811	0.8722636269	40.869911677
Iowa	19		5	258216	0.8439365837	0.8296424243	0.8029159098	0.8864571396	42.029409487
Kansas	20		5	233681	0.8614262444	0.8293546054	0.8152365703	0.8864277321	41.240704208
Kentucky	21		5	354738	0.8362640961	0.7870817891	0.8289545292	0.862642261	41.424490751
Louisiana	22		5	339047	0.8449538184	0.7533491624	0.8003603128	0.8323691687	41.612481455
Maine	23		5	103811	0.8002833795	0.8497184529	0.8503777013	0.8878324461	45.415331709
Maryland	24		5	465508	0.8935166937	0.8853967409	0.8934042404	0.9245520085	41.287576153
Massachusetts	25		5	541464	0.8794849957	0.8875013465	0.9167853295	0.9293796356	41.64960182
Michigan	26		5	792561	0.8506977508	0.8263066671	0.7887391283	0.8835356781	42.575633926
Minnesota	27		5	441941	0.8651199237	0.8627236443	0.7949477324	0.9052570988	41.929090082
Mississippi	28		5	225295	0.833385389	0.7077782878	0.7051631033	0.7953567829	41.342439912
Missouri	29		5	491995	0.8485892615	0.8080503361	0.7857254926	0.8698586451	41.756219067
Montana	30		5	81814	0.8107906414	0.8328400661	0.7770375103	0.8720195769	43.087063339
Nebraska	31		5	154491	0.8536371414	0.8391185701	0.8222990193	0.8910151453	40.999190891
Nevada	32		5	217608	0.8916363582	0.8467951789	0.8585784722	0.9021972964	41.088898386
New Hampshire	33		5	107672	0.8566180528	0.9029657555	0.9028267979	0.9353301901	43.700507096
New Jersey	34		5	686838	0.8931069352	0.8858487884	0.9176852187	0.9259613938	41.664976312
New Mexico	35		5	150560	0.803196476	0.7286616433	0.7676999617	0.7764992132	41.757106801
New York	36		5	1540585	0.8567782107	0.8503624637	0.883375791	0.8977990325	41.552029911
North Carolina	37		5	776076	0.8606932708	0.8206730619	0.8633534383	0.8764313907	41.815983228
North Dakota	38		5	62311	0.8401845973	0.8359798181	0.8707239459	0.8875989268	41.347916098
Ohio	39		5	931377	0.8465530578	0.8235017911	0.8578805081	0.8865144792	41.931156771
Oklahoma	40		5	299140	0.8626391729	0.7367531083	0.6949985389	0.8289946714	39.867814401
Oregon	41		5	318770	0.8830691079	0.8814160283	0.84421893	0.9238949008	42.318486683
Pennsylvania	42		5	1027508	0.8222907326	0.8302375237	0.8760416327	0.8809326571	42.943011636
Rhode Island	44		5	81798	0.8560812431	0.8572051709	0.9106835323	0.9114917916	42.793417932
South Carolina	45		5	377799	0.8534630459	0.7943477992	0.8289946232	0.8577463049	42.532714486
South Dakota	46		5	70806	0.8241184566	0.809635124	0.8352400685	0.8635348768	40.533980171
Tennessee	47		5	515914	0.8465950856	0.7862400981	0.8159691259	0.8570083234	41.743724729
Texas	48		5	2013994	0.8925290233	0.8068707562	0.7965702973	0.8770310845	39.242794666
Utah	49		5	241732	0.9292747833	0.9201393352	0.854359538	0.9463953658	34.921193719
Vermont	50		5	51259	0.8023166794	0.873643879	0.8629522742	0.9077108885	44.131528122
Virginia	51		5	656076	0.884990802	0.8692829525	0.854952682	0.9092396288	40.816013694
Washington	53		5	578631	0.9000918473	0.8934293787	0.8700098036	0.9336203862	41.048925827
West Virginia	54		5	140688	0.7858589081	0.7678377264	0.846110568	0.844362791	43.92196918
Wisconsin	55		5	472511	0.8279580565	0.83698108	0.7787849221	0.8824819206	42.727333332
Wyoming	56		5	46137	0.8611472331	0.8504069415	0.779991135	0.8966615098	40.523571103
Alabama	1	2013	6	47836		0.7664762742	0.8418641827	0.7625219684	41.633497784
Alabama	1	2014	6	47793		0.7537938596	0.8294030617	0.7695833333	42.221538719
Alabama	1	2015	6	47476		0.7551589762	0.8261038418	0.7893454964	42.635184093
Alabama	1	2016	6	47659	0.7648797054	0.745606104	0.7588949917	0.8415330672	42.542751631
Alabama	1	2017	6	47645	0.8173427253	0.7445845386	0.7483053965	0.863912381	42.679462693
Alabama	1	2018	6	47777	0.8411784105	0.7488842476	0.7433501078	0.8810377047	42.777570798
Alabama	1	2019	6	48928	0.8685245268	0.7521969876	0.7377537946	0.8923529791	43.420618051
Alabama	1	2020	6	39418	0.8919668343	0.7770830502	0.7727328544	0.9075982058	43.314069714
Alaska	2	2013	6	6748		0.806446516	0.8035301534	0.7865381577	34.644190871
Alaska	2	2014	6	6787		0.7933049108	0.7562893082	0.8332543818	34.845734492
Alaska	2	2015	6	6619		0.8024049399	0.7287473129	0.8570035749	36.002417284
Alaska	2	2016	6	6815	0.849479331	0.7574944778	0.7087433762	0.8572104765	35.074688188
Alaska	2	2017	6	6746	0.8838359662	0.7466092229	0.7150903088	0.8488910164	35.940853839
Alaska	2	2018	6	6711	0.9006793918	0.7665803947	0.7331270547	0.8723714008	37.077931754
Alaska	2	2019	6	6663	0.9215334421	0.7445350734	0.6830433951	0.8719412724	37.051928561
Alaska	2	2020	6	6308	0.9330967169	0.8026619343	0.7076740506	0.9181898846	38.346544071
Arizona	4	2013	6	66532		0.8235878356	0.8749466496	0.8176286043	39.860608429
Arizona	4	2014	6	66177		0.8191919192	0.8628657941	0.8313762626	40.443719117
Arizona	4	2015	6	67014		0.8222197902	0.8506312573	0.8522693516	40.690930253
Arizona	4	2016	6	68398	0.8099463602	0.8233256705	0.8198069869	0.8829731801	41.010438902
Arizona	4	2017	6	68863	0.8610117371	0.8272009012	0.8128928088	0.8968472651	41.39985188
Arizona	4	2018	6	69990	0.8838716437	0.832624899	0.8171372734	0.9085820337	41.700742963
Arizona	4	2019	6	70872	0.9109521205	0.842170616	0.8286404913	0.9239752251	42.347951236
Arizona	4	2020	6	53218	0.9176329228	0.8654250526	0.848023317	0.9367577851	42.882802811
Arkansas	5	2013	6	29591		0.7495281171	0.7963165858	0.7468926956	41.4169511
Arkansas	5	2014	6	29369		0.7461160346	0.7749296495	0.7624053676	41.834825837
Arkansas	5	2015	6	29605		0.744017094	0.7641528306	0.7801282051	42.059348083
Arkansas	5	2016	6	29599	0.7681469592	0.7232031389	0.7035835085	0.8250757981	41.688469205
Arkansas	5	2017	6	30021	0.8241117821	0.7326920376	0.7042098303	0.8432804381	41.684221045
Arkansas	5	2018	6	30503	0.8521676101	0.7288416402	0.6860296854	0.8688043628	41.555978101
Arkansas	5	2019	6	30403	0.866786741	0.7297287936	0.7038279639	0.8799141007	42.328947801
Arkansas	5	2020	6	24654	0.8929941361	0.7452052379	0.740906093	0.8959481504	42.383710554
California	6	2013	6	371403		0.8625459984	0.8929571069	0.8623970044	38.90982033
California	6	2014	6	372553		0.8621615342	0.8831967483	0.8798696664	39.228493664
California	6	2015	6	374943		0.8629484819	0.8780835527	0.8925478724	39.591676602
California	6	2016	6	376035	0.8575961216	0.8612820648	0.8480992692	0.9188232716	39.918161873
California	6	2017	6	377575	0.9044130661	0.8660593792	0.8507537931	0.9359167939	39.979792094
California	6	2018	6	378817	0.9217002299	0.8676140634	0.8473198489	0.9441979088	40.371144906
California	6	2019	6	380091	0.9334366303	0.8722111874	0.8507861395	0.9516317353	40.860457101
California	6	2020	6	303788	0.9441097923	0.8869980364	0.8585487081	0.9625730216	41.285054051
Colorado	8	2013	6	52107		0.89456	0.8545186157	0.88784	39.49663193
Colorado	8	2014	6	52929		0.8907362953	0.8519233389	0.8983511078	39.5216422
Colorado	8	2015	6	53570		0.8933247853	0.8623118018	0.9091580215	39.885738286
Colorado	8	2016	6	54571	0.8521516667	0.886555424	0.8525709498	0.934247203	40.051290979
Colorado	8	2017	6	55600	0.8966027973	0.8911282763	0.8540741043	0.9416551052	40.088093525
Colorado	8	2018	6	55928	0.9127796598	0.890109072	0.8564870259	0.9497636154	40.308861393
Colorado	8	2019	6	57142	0.930439207	0.9037996765	0.8564207046	0.9614944304	40.996902454
Colorado	8	2020	6	48317	0.9387056422	0.9073671736	0.8711315112	0.9628678649	41.015957117
Connecticut	9	2013	6	36382		0.8881758242	0.951495828	0.8922197802	41.462069155
Connecticut	9	2014	6	35985		0.8874671237	0.9490611199	0.9025384911	42.237543421
Connecticut	9	2015	6	35787		0.8898948685	0.9438153164	0.9112487715	42.329477184
Connecticut	9	2016	6	35657	0.8121316745	0.8752009048	0.9031495287	0.9254717543	42.771377289
Connecticut	9	2017	6	35978	0.872538002	0.8804341397	0.9021676208	0.9384574437	42.522624937
Connecticut	9	2018	6	36287	0.889789825	0.8748316843	0.8969013551	0.9432995726	42.764598892
Connecticut	9	2019	6	35578	0.9007970863	0.8739887154	0.8951677125	0.950562737	43.784080049
Connecticut	9	2020	6	29196	0.9196979326	0.8940521141	0.9006330856	0.963923885	43.342718181
Delaware	10	2013	6	8767		0.8587510369	0.9281840832	0.8484417585	42.840082126
Delaware	10	2014	6	9014		0.8532015174	0.9138525155	0.8733187723	42.456733969
Delaware	10	2015	6	9017		0.8538213628	0.9161643836	0.8738489871	43.213818343
Delaware	10	2016	6	8873	0.8076698235	0.8487080557	0.8796320631	0.916052847	44.000901612
Delaware	10	2017	6	8943	0.8761164598	0.8362138963	0.8814512008	0.9350423385	43.942860338
Delaware	10	2018	6	9123	0.8793320371	0.8352968089	0.8576605849	0.9277135995	44.897073331
Delaware	10	2019	6	9261	0.9049642218	0.8630366726	0.8728456068	0.9471153846	45.003347371
Delaware	10	2020	6	7975	0.9209032088	0.8731018091	0.8861811523	0.9540472732	45.403636364
District of Columbia	11	2013	6	6572		0.8441077441	0.9298060708	0.8436026936	38.413420572
District of Columbia	11	2014	6	6517		0.8475836431	0.9261590099	0.8575532274	38.856529078
District of Columbia	11	2015	6	6610		0.8603222056	0.9256231306	0.8739412058	38.352496218
District of Columbia	11	2016	6	6646	0.8551324503	0.8415562914	0.8887396892	0.8854304636	38.413331327
District of Columbia	11	2017	6	6565	0.8979625919	0.8560454242	0.8862218862	0.9074816299	38.360091394
District of Columbia	11	2018	6	6549	0.9202136538	0.8674678685	0.8901058781	0.9295610082	38.099862574
District of Columbia	11	2019	6	6647	0.9297500408	0.8928279693	0.9036421499	0.9433099167	38.59440349
District of Columbia	11	2020	6	5343	0.9500110595	0.900022119	0.9160971011	0.9575315196	38.216732173
Florida	12	2013	6	191034		0.8539957701	0.9145595858	0.8499297741	43.732864307
Florida	12	2014	6	192673		0.8531224467	0.9122535323	0.8607357946	44.096500288
Florida	12	2015	6	194548		0.8535974157	0.9141475599	0.8773208268	44.390325267
Florida	12	2016	6	196828	0.8095129541	0.8484522364	0.8590412909	0.9023098496	44.721284573
Florida	12	2017	6	199644	0.8694937541	0.852744122	0.8599341254	0.9178172255	44.665184028
Florida	12	2018	6	202160	0.8934697625	0.8556044931	0.8566538664	0.9294010253	45.088083696
Florida	12	2019	6	205294	0.9103210683	0.8565137093	0.8555244871	0.9376128914	45.886499362
Florida	12	2020	6	132868	0.921694146	0.8728658462	0.8682310152	0.9495611716	45.817043984
Georgia	13	2013	6	96568		0.8271808979	0.8868774506	0.8216138047	39.101255074
Georgia	13	2014	6	97519		0.8176515535	0.8820282151	0.8318248835	39.353490089
Georgia	13	2015	6	97854		0.8213619903	0.8817917876	0.843626117	39.938265171
Georgia	13	2016	6	98064	0.8142989985	0.8130591392	0.8313101508	0.882801227	40.264133627
Georgia	13	2017	6	99799	0.8648413323	0.8172147915	0.8196786185	0.8985785471	40.320884979
Georgia	13	2018	6	100855	0.8880521723	0.820257325	0.8195608595	0.9098114267	40.626146448
Georgia	13	2019	6	101652	0.9016170283	0.8256228859	0.8339368024	0.9172819899	41.269812694
Georgia	13	2020	6	64348	0.920296256	0.845756608	0.8441193963	0.9349901474	41.565005905
Hawaii	15	2013	6	14286		0.8833555654	0.9209493063	0.8762412924	40.917891642
Hawaii	15	2014	6	14322		0.8816559283	0.9197142371	0.8940976079	40.874109761
Hawaii	15	2015	6	14124		0.8764415157	0.9191746952	0.9072936948	41.121566129
Hawaii	15	2016	6	14247	0.8388223924	0.8667757044	0.8819148046	0.9185190692	41.622727592
Hawaii	15	2017	6	14433	0.8822534383	0.8515849084	0.8749083802	0.9281459145	41.641931684
Hawaii	15	2018	6	14400	0.9032759003	0.8523996155	0.8796901477	0.9358130592	42.397430556
Hawaii	15	2019	6	14228	0.9194535682	0.8595103016	0.8878001767	0.9464765602	43.66790835
Hawaii	15	2020	6	14770	0.9312694845	0.8683390125	0.8872093915	0.9607772058	43.167975626
Idaho	16	2013	6	15786		0.8626875408	0.7494327391	0.8482061318	39.20416825
Idaho	16	2014	6	15602		0.8539222149	0.7474615133	0.8489782465	39.308037431
Idaho	16	2015	6	15725		0.8611966708	0.7542933669	0.8722065666	39.653418124
Idaho	16	2016	6	15955	0.7869254078	0.8532654245	0.7708225556	0.8968473986	39.884048887
Idaho	16	2017	6	16536	0.8548638375	0.8517479903	0.7600926771	0.9129432293	39.669871795
Idaho	16	2018	6	16711	0.8849568434	0.8619605425	0.7482642469	0.9231812577	40.495960744
Idaho	16	2019	6	17360	0.9030349642	0.8502041058	0.7552348431	0.938768266	40.296198157
Idaho	16	2020	6	15486	0.9244950522	0.8706113596	0.7836583774	0.9569608242	41.109711998
Illinois	17	2013	6	128070		0.848630243	0.8586247332	0.846129408	40.088521902
Illinois	17	2014	6	126650		0.8414969412	0.8621563972	0.8574388865	40.641010659
Illinois	17	2015	6	126642		0.8431388715	0.8571104581	0.8739653069	40.637979501
Illinois	17	2016	6	126334	0.809720077	0.8372911315	0.825026989	0.9042116479	41.113089113
Illinois	17	2017	6	126482	0.8672104189	0.8379072977	0.8267287406	0.9160820091	41.09709682
Illinois	17	2018	6	126456	0.8884457546	0.8385477305	0.821314841	0.9249093777	41.42436895
Illinois	17	2019	6	125007	0.8993279065	0.8367355458	0.8217297743	0.9299352953	42.289159807
Illinois	17	2020	6	116596	0.9160918593	0.8546263981	0.8395167822	0.9459726841	42.138503894
Indiana	18	2013	6	66363		0.8197418761	0.8462201605	0.8125982252	40.090351551
Indiana	18	2014	6	66555		0.8137475089	0.8353069998	0.8274285895	40.436466081
Indiana	18	2015	6	66045		0.8166938397	0.8362141737	0.8381605447	40.713801196
Indiana	18	2016	6	66262	0.7742361133	0.8009761216	0.7978612415	0.8774919716	40.966149528
Indiana	18	2017	6	67004	0.8329850582	0.8026144202	0.7940170476	0.89226515	40.795042087
Indiana	18	2018	6	67680	0.8634709304	0.7998413538	0.7863839404	0.9030236103	40.835904255
Indiana	18	2019	6	67445	0.877289978	0.7964672258	0.786235259	0.9092911025	41.502498332
Indiana	18	2020	6	57082	0.8982544305	0.8164772619	0.8060841288	0.925113738	41.731281315
Iowa	19	2013	6	31817		0.8454141765	0.8256227758	0.8357984708	41.489675331
Iowa	19	2014	6	31819		0.8389915294	0.8203465902	0.8455612619	41.902605362
Iowa	19	2015	6	31900		0.8393985763	0.8289941554	0.855831282	42.051097179
Iowa	19	2016	6	32106	0.7705352411	0.826709062	0.7908853366	0.8900039746	41.863826076
Iowa	19	2017	6	32456	0.8301119023	0.829258688	0.7892142217	0.9017819053	41.710531181
Iowa	19	2018	6	32362	0.8565341375	0.8198564358	0.7845739778	0.9130420532	42.071071009
Iowa	19	2019	6	32721	0.8687356247	0.8135022191	0.7830914369	0.9199196605	42.463402708
Iowa	19	2020	6	33035	0.8926512968	0.8247642127	0.8073988356	0.9272661776	42.653973059
Kansas	20	2013	6	29369		0.8439148692	0.8387344981	0.8325018842	40.340937723
Kansas	20	2014	6	28802		0.8316951072	0.8378997526	0.8351664413	40.969828484
Kansas	20	2015	6	28774		0.8315376722	0.8355142691	0.8579228965	41.263710294
Kansas	20	2016	6	28590	0.7840800059	0.8199867149	0.8009764872	0.8877038896	41.222910108
Kansas	20	2017	6	29374	0.8475397481	0.8260417041	0.8097728387	0.9037433155	40.998570164
Kansas	20	2018	6	29567	0.875957121	0.8212187044	0.7973096669	0.9153103743	41.235972537
Kansas	20	2019	6	29697	0.8893298841	0.823487721	0.7967399843	0.9224635884	41.522813752
Kansas	20	2020	6	29508	0.9082705673	0.8370265255	0.8120623806	0.9351235309	42.357292938
Kentucky	21	2013	6	44997		0.8010060833	0.8689665747	0.8021057557	40.744249617
Kentucky	21	2014	6	44868		0.7917655072	0.8566460234	0.8115179557	40.972497103
Kentucky	21	2015	6	44749		0.790459564	0.8641652386	0.8285127866	41.425506715
Kentucky	21	2016	6	44739	0.7621820411	0.7822438058	0.818301422	0.8668756925	41.301928966
Kentucky	21	2017	6	45209	0.8202396804	0.7732847431	0.8055982437	0.8759782279	41.236501582
Kentucky	21	2018	6	45475	0.8456093939	0.7810498468	0.8046582117	0.8964540982	41.459219351
Kentucky	21	2019	6	45649	0.8690712603	0.7769824043	0.8039809042	0.9044705122	42.234090561
Kentucky	21	2020	6	39052	0.8918686561	0.8024848855	0.8203245037	0.9234289201	42.097664652
Louisiana	22	2013	6	44627		0.7613379219	0.862479945	0.7625165001	40.496896498
Louisiana	22	2014	6	43908		0.7559476843	0.8464150451	0.7719436674	40.888949622
Louisiana	22	2015	6	43892		0.757981142	0.8469225383	0.7938065381	41.360316231
Louisiana	22	2016	6	43598	0.7786829927	0.7442875048	0.7822191797	0.8356151176	41.968897656
Louisiana	22	2017	6	44024	0.8299904489	0.7481852913	0.7697947214	0.8566141356	41.40989006
Louisiana	22	2018	6	43589	0.8527910225	0.7471704474	0.7674233373	0.8727785002	41.764344215
Louisiana	22	2019	6	43896	0.8782756312	0.7485893267	0.7634807655	0.8837748661	42.650719883
Louisiana	22	2020	6	31513	0.9028953074	0.7675711588	0.7763209857	0.9066368278	42.685304478
Maine	23	2013	6	12982		0.8586523612	0.8582917642	0.8378444282	44.884070251
Maine	23	2014	6	12962		0.8509509428	0.8784753817	0.8423802139	44.824795556
Maine	23	2015	6	13059		0.8584959582	0.8814697748	0.8613538009	45.145416954
Maine	23	2016	6	12460	0.7224510814	0.8493820803	0.8426653406	0.8918640577	44.789004815
Maine	23	2017	6	12583	0.7851436342	0.8496515383	0.8373201089	0.9073601904	44.70404514
Maine	23	2018	6	13275	0.8016951863	0.841356149	0.8307609476	0.9142811451	45.774387947
Maine	23	2019	6	13493	0.8269412879	0.834832702	0.8357300397	0.9195864899	46.47291188
Maine	23	2020	6	12997	0.8605785124	0.8551239669	0.843659157	0.9280165289	46.630530122
Maryland	24	2013	6	59033		0.8854355153	0.9190859712	0.8838921412	40.593125879
Maryland	24	2014	6	58876		0.8833827524	0.9195231919	0.8957049768	40.517358516
Maryland	24	2015	6	59332		0.8837969095	0.9183454258	0.9022339956	40.798624688
Maryland	24	2016	6	59408	0.837051013	0.8797411437	0.8780435587	0.9240535346	41.363654727
Maryland	24	2017	6	59463	0.8887400881	0.8831718062	0.873951827	0.9395418502	41.461177539
Maryland	24	2018	6	59840	0.9012430092	0.8819754905	0.8741510112	0.9446694367	41.62391377
Maryland	24	2019	6	60237	0.9160551498	0.8864408848	0.881464753	0.9502187516	42.057456381
Maryland	24	2020	6	49319	0.9312303523	0.902395664	0.887254228	0.9622330623	41.977148766
Massachusetts	25	2013	6	68725		0.893630693	0.9383693868	0.8932545529	40.843201164
Massachusetts	25	2014	6	68544		0.8893221825	0.9399878402	0.9023053311	41.245623249
Massachusetts	25	2015	6	68785		0.8918617439	0.9409889487	0.9145797329	41.424860071
Massachusetts	25	2016	6	69126	0.8190412305	0.8804268131	0.9040899061	0.9295508791	41.611882649
Massachusetts	25	2017	6	69635	0.8715829625	0.8826229203	0.905975292	0.938225854	41.644345516
Massachusetts	25	2018	6	70131	0.8900956894	0.8836805021	0.9005943807	0.9461093505	41.923500307
Massachusetts	25	2019	6	70579	0.9031702484	0.8809480262	0.900102651	0.9524767566	42.366001218
Massachusetts	25	2020	6	55939	0.9216466417	0.9005318101	0.906970476	0.9646641718	42.217558412
Michigan	26	2013	6	99441		0.837860229	0.8118655933	0.8265027895	41.438742571
Michigan	26	2014	6	98180		0.8322231076	0.8189440077	0.8386401062	42.13800163
Michigan	26	2015	6	98008		0.8318593489	0.8180152915	0.8500367166	42.256754551
Michigan	26	2016	6	98145	0.7756607122	0.8183161004	0.7760087806	0.8864542044	42.601915533
Michigan	26	2017	6	99459	0.8351187606	0.8196788327	0.7685528591	0.9015848724	42.316100102
Michigan	26	2018	6	99419	0.8630298067	0.8178315328	0.7648691888	0.9133096056	42.774017039
Michigan	26	2019	6	100078	0.8779580868	0.8170464961	0.7717795246	0.9189442546	43.316383221
Michigan	26	2020	6	99831	0.901339609	0.8358925757	0.789251623	0.9323060868	43.744117559
Minnesota	27	2013	6	54988		0.8678826814	0.7982147435	0.8589346488	41.056175893
Minnesota	27	2014	6	54297		0.8634457436	0.8045348837	0.8671369214	41.58677275
Minnesota	27	2015	6	54811		0.8692895589	0.8060564663	0.8810312793	41.844629728
Minnesota	27	2016	6	54115	0.7931690647	0.8572649075	0.788741053	0.9066037553	41.672068742
Minnesota	27	2017	6	55161	0.8557059741	0.8646233411	0.7939466954	0.9231851542	41.28391436
Minnesota	27	2018	6	55783	0.8735987339	0.8575277427	0.782261079	0.9281232926	42.242009214
Minnesota	27	2019	6	56670	0.8917045581	0.8562899708	0.7861307957	0.9320173007	42.547573672
Minnesota	27	2020	6	56116	0.908836541	0.86565584	0.8018307667	0.9428101486	43.144575522
Mississippi	28	2013	6	29648		0.7128177587	0.7860439255	0.7037593985	40.070966001
Mississippi	28	2014	6	29255		0.7039636364	0.771858229	0.7229818182	40.756998804
Mississippi	28	2015	6	29600		0.7023112038	0.761284443	0.7361345746	40.964189189
Mississippi	28	2016	6	28986	0.7703424557	0.7057295478	0.6737415477	0.8065271477	41.258021114
Mississippi	28	2017	6	29096	0.822781119	0.7080736286	0.666877599	0.8356843448	41.315610393
Mississippi	28	2018	6	29124	0.8441435194	0.708106727	0.6605273619	0.8534146074	41.80771872
Mississippi	28	2019	6	29217	0.8649954587	0.7029972752	0.6592412113	0.8580926431	42.514563439
Mississippi	28	2020	6	20369	0.8795908374	0.7233799445	0.6979159946	0.8751836335	42.395552064
Missouri	29	2013	6	61699		0.8166349663	0.8191558514	0.8088898028	41.2366651
Missouri	29	2014	6	61394		0.8088283416	0.8137907987	0.8180080258	41.389875232
Missouri	29	2015	6	61586		0.8100881556	0.8164115312	0.8325043735	41.571444809
Missouri	29	2016	6	61923	0.7771476401	0.8031806768	0.7721541968	0.8750960865	41.551346027
Missouri	29	2017	6	62073	0.8384932393	0.8041619836	0.7664665945	0.8904158578	41.321186345
Missouri	29	2018	6	62416	0.8600020336	0.8016709599	0.7575880445	0.9015557213	42.039461036
Missouri	29	2019	6	63174	0.8777154342	0.8014739134	0.7635835753	0.909940541	42.375423434
Missouri	29	2020	6	57730	0.8928544664	0.8196193046	0.788314355	0.9254908573	42.6018881
Montana	30	2013	6	10113		0.844534329	0.7911811441	0.8211989214	41.753485613
Montana	30	2014	6	9878		0.8354845535	0.7932098765	0.8294540838	42.557096578
Montana	30	2015	6	9841		0.8353417938	0.7891935055	0.838861043	43.292653186
Montana	30	2016	6	10161	0.7185124307	0.8283336758	0.7695609517	0.8698376824	42.532821573
Montana	30	2017	6	10221	0.7826309853	0.8239516046	0.7867389994	0.8753204142	42.671265043
Montana	30	2018	6	10336	0.8294283983	0.8239749546	0.7691775291	0.8966875379	43.647736068
Montana	30	2019	6	10649	0.8555326865	0.8335783593	0.7620144832	0.915613055	43.974082073
Montana	30	2020	6	10615	0.8640368442	0.8378053664	0.7622330961	0.9224068883	44.155252002
Nebraska	31	2013	6	18835		0.8453925296	0.8447073738	0.8277231045	40.331245023
Nebraska	31	2014	6	19181		0.8411880754	0.8419739769	0.8460105217	40.645430374
Nebraska	31	2015	6	19089		0.8413496052	0.8434437086	0.8675796565	40.982083923
Nebraska	31	2016	6	19017	0.7783622169	0.8339516084	0.8067688378	0.8906483583	40.87984435
Nebraska	31	2017	6	19545	0.8422016372	0.8440866006	0.816490973	0.9104911676	40.456638526
Nebraska	31	2018	6	19451	0.8637688985	0.8314794816	0.7995185074	0.919600432	41.086679348
Nebraska	31	2019	6	19766	0.8849077667	0.8299399288	0.8083142236	0.9262665462	41.411211171
Nebraska	31	2020	6	19607	0.8969476032	0.8459110942	0.8238511385	0.9361771587	42.158004794
Nevada	32	2013	6	26748		0.8530916031	0.868595427	0.8604961832	40.19560341
Nevada	32	2014	6	26812		0.8471156039	0.8759036699	0.8609865471	40.290093988
Nevada	32	2015	6	26988		0.8481289884	0.8776314611	0.8778084054	40.698162146
Nevada	32	2016	6	27285	0.8332460341	0.8408784795	0.8479748633	0.8937443879	41.273043797
Nevada	32	2017	6	28413	0.8838820868	0.8406161359	0.8435335803	0.9163405264	40.897370922
Nevada	32	2018	6	28927	0.904513583	0.8472217328	0.8469705219	0.9251964342	41.336951637
Nevada	32	2019	6	29347	0.9116524394	0.8423207717	0.8547822114	0.9385106531	41.857941186
Nevada	32	2020	6	23088	0.9293495457	0.8575690458	0.858671749	0.945396194	42.237959113
New Hampshire	33	2013	6	13547		0.9062645733	0.9205238608	0.900202083	42.659850889
New Hampshire	33	2014	6	13426		0.910261443	0.9215981573	0.9127738086	43.087814688
New Hampshire	33	2015	6	13378		0.9045762037	0.9222361584	0.9169120573	43.843399611
New Hampshire	33	2016	6	13428	0.7843400095	0.9011196972	0.8952118972	0.9372338748	43.519809354
New Hampshire	33	2017	6	13708	0.8470105963	0.90146183	0.8951282694	0.9469409854	43.591552378
New Hampshire	33	2018	6	13780	0.8656762374	0.9047032561	0.8834006762	0.9534292972	43.876632801
New Hampshire	33	2019	6	13896	0.8885768501	0.8951043643	0.8952141874	0.9559772296	44.432426598
New Hampshire	33	2020	6	12509	0.8997252747	0.9002403846	0.8923006834	0.9601648352	44.638580222
New Jersey	34	2013	6	88510		0.8896260201	0.9544786878	0.8915869195	40.649892667
New Jersey	34	2014	6	88152		0.8853476919	0.9532769528	0.8983669911	40.899650604
New Jersey	34	2015	6	87815		0.8827943478	0.9516784666	0.9072502252	41.293309799
New Jersey	34	2016	6	87279	0.8408987906	0.8808291391	0.899033255	0.9250888534	41.699767413
New Jersey	34	2017	6	88114	0.8880179436	0.8862590013	0.8989654554	0.938708535	41.831388883
New Jersey	34	2018	6	88586	0.902547446	0.885193044	0.8934160476	0.9425313245	42.22826406
New Jersey	34	2019	6	88459	0.9126195321	0.8853432762	0.894518262	0.9508345193	42.503442273
New Jersey	34	2020	6	69923	0.9290095203	0.8929116319	0.8976047133	0.9614915171	42.35400369
New Mexico	35	2013	6	19714		0.7278410596	0.8014369177	0.7128476821	39.63736431
New Mexico	35	2014	6	19283		0.7158723312	0.7782423414	0.70525124	40.959498003
New Mexico	35	2015	6	19072		0.7182667614	0.7776432607	0.7303426042	41.142879614
New Mexico	35	2016	6	19060	0.727470851	0.7148305546	0.756088588	0.7684973303	41.437670514
New Mexico	35	2017	6	19021	0.7840218878	0.7141997264	0.7621435736	0.7887277702	41.725776773
New Mexico	35	2018	6	19247	0.8072942069	0.7301251829	0.7505845138	0.8148268574	42.806203564
New Mexico	35	2019	6	19281	0.8432006902	0.7353068047	0.7571285476	0.8368920522	42.981951144
New Mexico	35	2020	6	15882	0.8650969343	0.7830549406	0.7645936059	0.8746897431	43.756831633
New York	36	2013	6	196165		0.856291916	0.9229288995	0.8538639589	40.636510081
New York	36	2014	6	196276		0.8557747207	0.925851365	0.8623730165	40.916632701
New York	36	2015	6	195742		0.8562918597	0.9263586555	0.8753196067	41.146309939
New York	36	2016	6	196104	0.7956089094	0.8442796153	0.8626496822	0.8982222174	41.46349386
New York	36	2017	6	196585	0.848113791	0.8465757845	0.8613713182	0.912016348	41.572032454
New York	36	2018	6	196967	0.8653128619	0.8443035125	0.8545946911	0.9199457477	41.831281382
New York	36	2019	6	198788	0.8821273127	0.8446867791	0.852955642	0.9287042315	42.380294585
New York	36	2020	6	163958	0.9009887743	0.8558985269	0.867498407	0.9394359036	42.634625941
North Carolina	37	2013	6	97310		0.8173196501	0.8862487994	0.814681042	40.909844826
North Carolina	37	2014	6	97830		0.8181456469	0.8839012029	0.8291681005	41.246131044
North Carolina	37	2015	6	98184		0.816221656	0.8932545991	0.8419694666	41.592540536
North Carolina	37	2016	6	99596	0.794584994	0.8150313461	0.8501662201	0.8787491146	41.612243464
North Carolina	37	2017	6	101233	0.8479759995	0.8193295694	0.8494103633	0.8970707723	41.78284749
North Carolina	37	2018	6	102523	0.8755693411	0.8232930072	0.8434387985	0.9088023742	42.081718249
North Carolina	37	2019	6	103516	0.8905924625	0.8235882569	0.8475388248	0.9195214569	42.58804436
North Carolina	37	2020	6	75884	0.9053002517	0.836260338	0.8625840887	0.9305285868	42.901125402
North Dakota	38	2013	6	7435		0.8483641536	0.8684070325	0.8489331437	41.329791527
North Dakota	38	2014	6	7625		0.8496136865	0.8776668961	0.8500275938	41.75252459
North Dakota	38	2015	6	7869		0.8384471718	0.8853503185	0.8588580576	40.774939637
North Dakota	38	2016	6	7864	0.7754747259	0.8292324151	0.8612021858	0.8894089329	40.991353001
North Dakota	38	2017	6	7892	0.8198138298	0.8308510638	0.8597010277	0.897606383	41.123669539
North Dakota	38	2018	6	7876	0.8482749434	0.8152391102	0.8627298224	0.9015585454	41.500507872
North Dakota	38	2019	6	7960	0.8690570003	0.8246650906	0.8641021833	0.9127922248	41.560050251
North Dakota	38	2020	6	7790	0.8885722041	0.8531487514	0.8871733967	0.9383821933	41.764056483
Ohio	39	2013	6	118223		0.8299866726	0.8807799818	0.8312927588	41.143136276
Ohio	39	2014	6	117468		0.8265478349	0.8791593307	0.8426222774	41.563855688
Ohio	39	2015	6	118123		0.827730644	0.8773004807	0.859550362	41.577685971
Ohio	39	2016	6	117426	0.7727146728	0.8153764989	0.8454385005	0.8870011535	42.073297225
Ohio	39	2017	6	118842	0.834104692	0.8165407667	0.8424926792	0.9046175125	41.909863516
Ohio	39	2018	6	119086	0.8574016632	0.8168562263	0.84234052	0.9154007264	42.023260501
Ohio	39	2019	6	119589	0.8770620754	0.8198820541	0.84275201	0.9223947759	42.557041199
Ohio	39	2020	6	102620	0.898633616	0.8372617748	0.8592001279	0.9359940391	42.692058078
Oklahoma	40	2013	6	37146		0.7520095776	0.7328460559	0.7507553731	39.052980132
Oklahoma	40	2014	6	37293		0.7445641361	0.7080668864	0.7747775915	39.301531118
Oklahoma	40	2015	6	37251		0.731694843	0.7057588366	0.7906804944	39.453652251
Oklahoma	40	2016	6	37022	0.7967109967	0.7211211211	0.6842162046	0.8321750322	39.655826265
Oklahoma	40	2017	6	37105	0.8439283269	0.7216388952	0.6849477766	0.8445845697	39.576014014
Oklahoma	40	2018	6	37648	0.8737427958	0.7342637586	0.6776976003	0.8667646062	39.961379091
Oklahoma	40	2019	6	37792	0.8927499649	0.7244986678	0.679336944	0.8772963119	40.695279424
Oklahoma	40	2020	6	37883	0.905363678	0.7644670631	0.696727225	0.8942989478	41.20602909
Oregon	41	2013	6	39342		0.8875340927	0.8534254353	0.8836836194	41.668166336
Oregon	41	2014	6	39336		0.8799680978	0.8548937369	0.8889538748	41.883719748
Oregon	41	2015	6	39992		0.891542914	0.8529579837	0.9052408266	42.066513303
Oregon	41	2016	6	40269	0.8121719245	0.8706408191	0.8388366372	0.9203783587	42.248354814
Oregon	41	2017	6	41219	0.8728047914	0.8752664704	0.8380759746	0.9367830677	42.368349548
Oregon	41	2018	6	42117	0.8966032102	0.8789100411	0.8320799978	0.9467462984	42.299261581
Oregon	41	2019	6	42080	0.9118305793	0.8787079435	0.8382993506	0.9503533745	43.076211977
Oregon	41	2020	6	34415	0.9274348338	0.8908736301	0.8493375312	0.960312055	42.971030074
Pennsylvania	42	2013	6	128382		0.8380749053	0.9109628531	0.8332257584	42.069822872
Pennsylvania	42	2014	6	127859		0.8320718388	0.9084502714	0.8408442054	42.491338115
Pennsylvania	42	2015	6	128145		0.8360545461	0.9112178353	0.8526807959	42.673377814
Pennsylvania	42	2016	6	127270	0.747730004	0.8231406062	0.8620632955	0.8822856857	42.670126503
Pennsylvania	42	2017	6	127433	0.8111616591	0.825517839	0.8596996483	0.8965738473	42.681824959
Pennsylvania	42	2018	6	129066	0.8326326787	0.8271453605	0.8511118511	0.906904807	43.123208281
Pennsylvania	42	2019	6	129194	0.8495402459	0.8219960136	0.8494184075	0.91151887	43.89906652
Pennsylvania	42	2020	6	130159	0.869455311	0.8379359501	0.8644253709	0.9229710914	43.908327507
Rhode Island	44	2013	6	10618		0.8727162612	0.9537565383	0.8751387908	41.842154831
Rhode Island	44	2014	6	10803		0.8481452093	0.9413292409	0.8715532632	41.807090623
Rhode Island	44	2015	6	10563		0.8651053385	0.9356136821	0.8922069953	42.550127805
Rhode Island	44	2016	6	10338	0.7890958277	0.84684216	0.9007597896	0.90916658	43.21861095
Rhode Island	44	2017	6	10516	0.8566911465	0.858119135	0.8923318738	0.9252345981	42.353081019
Rhode Island	44	2018	6	10489	0.8642000615	0.8476990878	0.8838118646	0.9332786717	43.228429784
Rhode Island	44	2019	6	10447	0.8823346787	0.8554279209	0.8844399956	0.9463934596	43.967263329
Rhode Island	44	2020	6	8024	0.899319342	0.8658536585	0.8944108761	0.9524957459	43.63272682
South Carolina	45	2013	6	47205		0.7983969994	0.8651379712	0.7929494765	41.710984006
South Carolina	45	2014	6	47361		0.7872842668	0.8663573914	0.794410422	42.104706404
South Carolina	45	2015	6	48023		0.7976995791	0.8651051708	0.8178172443	42.301334777
South Carolina	45	2016	6	48405	0.7831860343	0.786379944	0.8056093856	0.8613493175	42.527548807
South Carolina	45	2017	6	49438	0.8401300173	0.7855783419	0.8044329535	0.8772747685	42.353918039
South Carolina	45	2018	6	49818	0.8673393521	0.793605948	0.8038949055	0.8996070101	42.614657353
South Carolina	45	2019	6	50893	0.8857409133	0.7972662317	0.8101301508	0.9079010045	43.404318865
South Carolina	45	2020	6	36656	0.9021335251	0.8138858924	0.8285867274	0.920322426	43.373526844
South Dakota	46	2013	6	8740		0.8189990282	0.8351578613	0.811345967	39.781922197
South Dakota	46	2014	6	8626		0.8181258466	0.8486893737	0.8267454747	40.798979828
South Dakota	46	2015	6	8742		0.8060679612	0.8595548734	0.826092233	40.317204301
South Dakota	46	2016	6	8725	0.7447556687	0.799199709	0.828097475	0.8564326422	39.931575931
South Dakota	46	2017	6	8881	0.7841847111	0.8069147027	0.8306509044	0.8703194162	40.182411891
South Dakota	46	2018	6	8986	0.8342560961	0.8035104253	0.8200762735	0.8875014725	40.360449588
South Dakota	46	2019	6	9128	0.871723498	0.812572489	0.8241859244	0.9051264208	41.468229623
South Dakota	46	2020	6	8978	0.8824925816	0.8118694362	0.8396013289	0.9201186944	41.379594564
Tennessee	47	2013	6	65148		0.7913750861	0.8478890773	0.7882844652	40.944986799
Tennessee	47	2014	6	65554		0.7839705718	0.8450368307	0.7994808669	41.214922049
Tennessee	47	2015	6	65549		0.7880816873	0.8519115853	0.8199499418	41.590855696
Tennessee	47	2016	6	65757	0.7695839357	0.7779242855	0.7932628041	0.8575468251	41.937725261
Tennessee	47	2017	6	66575	0.8326741376	0.7781806196	0.7973357309	0.8779389145	41.920705971
Tennessee	47	2018	6	67950	0.8638110168	0.7860568056	0.7870516185	0.8988380671	41.669639441
Tennessee	47	2019	6	68415	0.8788192804	0.7861507749	0.7983024001	0.9036131726	42.359321786
Tennessee	47	2020	6	50966	0.8993458536	0.8023000633	0.8225500082	0.9220299641	42.432425539
Texas	48	2013	6	253599		0.8113347266	0.8160250957	0.816082213	38.311507537
Texas	48	2014	6	254883		0.8052743892	0.816187559	0.8242592471	38.694863918
Texas	48	2015	6	259224		0.8019421688	0.8136158564	0.8364785433	38.938578218
Texas	48	2016	6	261896	0.8369615397	0.7958706103	0.7824878614	0.8788882168	39.058843969
Texas	48	2017	6	265842	0.8864593711	0.8023187405	0.779505616	0.8997591836	39.070466668
Texas	48	2018	6	268100	0.9022363199	0.8011723867	0.7809710724	0.9110836414	39.500048489
Texas	48	2019	6	272776	0.9182206949	0.8116303933	0.787386331	0.9254677358	40.169142447
Texas	48	2020	6	177674	0.930528429	0.8351463626	0.8084841867	0.9381655248	40.520554499
Utah	49	2013	6	28967		0.9207484082	0.8436972715	0.9082630811	33.858666759
Utah	49	2014	6	28666		0.9193183857	0.8509074668	0.9194618834	34.652829136
Utah	49	2015	6	29290		0.9108174184	0.8341424592	0.9269744535	35.017753499
Utah	49	2016	6	29828	0.8703215055	0.9153878203	0.8527605021	0.9484410805	34.739573555
Utah	49	2017	6	30904	0.9246478873	0.918175721	0.8524859458	0.9526827632	34.703015791
Utah	49	2018	6	31603	0.9410007223	0.9235997111	0.8579567434	0.9648039924	35.02540898
Utah	49	2019	6	32371	0.9497299543	0.9231727973	0.8599335278	0.9713975264	35.370794847
Utah	49	2020	6	30103	0.958385395	0.9293002915	0.8792049489	0.9735179786	35.916287413
Vermont	50	2013	6	6388		0.8868958645	0.873778664	0.8669656203	42.523794615
Vermont	50	2014	6	6370		0.86526001	0.877665996	0.8626017611	43.421507064
Vermont	50	2015	6	6326		0.8865319865	0.8922202626	0.8954545455	43.806354727
Vermont	50	2016	6	6411	0.7300928998	0.8780690113	0.8572766436	0.9148971466	44.004523475
Vermont	50	2017	6	6340	0.7881640888	0.8618022865	0.8665136737	0.9150975118	44.154574132
Vermont	50	2018	6	6436	0.811627907	0.8641196013	0.8405204461	0.9323920266	44.831883157
Vermont	50	2019	6	6543	0.8315599935	0.8705189065	0.8520057824	0.9337043706	45.44612563
Vermont	50	2020	6	6445	0.8502862917	0.8760525429	0.8473025947	0.9405523745	44.815671063
Virginia	51	2013	6	83044		0.8729360543	0.8807234257	0.8666726076	40.038124368
Virginia	51	2014	6	83393		0.8731655522	0.8764199862	0.8787020768	40.22886813
Virginia	51	2015	6	83472		0.8669738124	0.8814016173	0.8856557014	40.54402674
Virginia	51	2016	6	83546	0.8246343399	0.8651750507	0.8433877822	0.9101880897	40.876570991
Virginia	51	2017	6	84422	0.8785538742	0.8649184745	0.8387723334	0.9244626305	40.636398095
Virginia	51	2018	6	84755	0.8960868054	0.8670233898	0.8371289888	0.9329468143	41.045672822
Virginia	51	2019	6	84938	0.9110190514	0.8668882715	0.8375347494	0.9361108355	41.535155054
Virginia	51	2020	6	68506	0.9216901855	0.8794196924	0.8498514902	0.9449342001	41.776851663
Washington	53	2013	6	69593		0.8941367101	0.8730453685	0.8879703535	40.515727156
Washington	53	2014	6	70600		0.8924202854	0.8785224096	0.8997240789	40.642932011
Washington	53	2015	6	71804		0.8960782606	0.882092344	0.9137275393	40.720934767
Washington	53	2016	6	72383	0.8353722676	0.8869580253	0.8660477245	0.9377080361	41.004338035
Washington	53	2017	6	74695	0.8930565637	0.8906974147	0.8652410914	0.9465352616	40.997335832
Washington	53	2018	6	76225	0.9108148473	0.8884808791	0.864642057	0.9531945796	41.167149885
Washington	53	2019	6	77879	0.9262711751	0.893557949	0.8629590736	0.9616400874	41.556619885
Washington	53	2020	6	65452	0.9365555502	0.9068976083	0.8703713136	0.9656167852	41.780022001
West Virginia	54	2013	6	18268		0.7822483164	0.8797409084	0.7801185748	42.99479965
West Virginia	54	2014	6	18216		0.7752161383	0.8741296611	0.7834582133	43.618412385
West Virginia	54	2015	6	18051		0.7844098255	0.8818318318	0.8136997491	43.65314941
West Virginia	54	2016	6	17909	0.713430734	0.7671771402	0.8465831843	0.8535469108	43.573007985
West Virginia	54	2017	6	17758	0.7698700065	0.7576423102	0.8361854718	0.8666231377	43.571010249
West Virginia	54	2018	6	18066	0.794685005	0.7486450259	0.8099945085	0.8740602599	44.179121001
West Virginia	54	2019	6	18130	0.8177651427	0.7552216291	0.8174560937	0.8916802042	44.91693326
West Virginia	54	2020	6	14290	0.8466081163	0.772940642	0.8308270677	0.9080860085	45.119804059
Wisconsin	55	2013	6	58556		0.8408541715	0.8023655866	0.8300427802	41.731265797
Wisconsin	55	2014	6	58549		0.8435352234	0.8008607112	0.8426940149	42.23108849
Wisconsin	55	2015	6	58578		0.8412382947	0.8054397415	0.8558306924	42.411195329
Wisconsin	55	2016	6	58569	0.7468970204	0.8348356404	0.769766863	0.8843223522	42.59268555
Wisconsin	55	2017	6	59059	0.8143095373	0.8341612262	0.7662770274	0.8990739427	42.706615418
Wisconsin	55	2018	6	59833	0.8388170574	0.8319317425	0.7579354126	0.9077052455	42.734912172
Wisconsin	55	2019	6	59767	0.8605418304	0.8277302077	0.7612068966	0.9133211679	43.471112821
Wisconsin	55	2020	6	59600	0.8786372932	0.841896595	0.7737175678	0.9256395537	43.903540268
Wyoming	56	2013	6	5828		0.8650132861	0.7795154185	0.852081488	39.603980782
Wyoming	56	2014	6	5820		0.8550673281	0.7968784348	0.8626860383	39.757216495
Wyoming	56	2015	6	5819		0.8640724947	0.7715637772	0.8749111585	40.566592198
Wyoming	56	2016	6	5800	0.7930112319	0.8386521662	0.7745700246	0.8951684792	40.701551724
Wyoming	56	2017	6	5912	0.8557457213	0.8601117709	0.8071811149	0.9114565141	39.361129905
Wyoming	56	2018	6	5740	0.8674351585	0.8278097983	0.771288544	0.9135446686	41.981010453
Wyoming	56	2019	6	5967	0.8915412558	0.8384362567	0.7702135774	0.9311537796	41.194402547
Wyoming	56	2020	6	5251	0.9015151515	0.8542663477	0.768520554	0.9358054226	41.102647115
Alabama	1	2013	7	47836		0.7664762742	0.8418641827	0.7625219684	41.633497784
Alabama	1	2014	7	47793		0.7537938596	0.8294030617	0.7695833333	42.221538719
Alabama	1	2015	7	47476		0.7551589762	0.8261038418	0.7893454964	42.635184093
Alabama	1	2016	7	47659	0.7648797054	0.745606104	0.7588949917	0.8415330672	42.542751631
Alabama	1	2017	7	47645	0.8173427253	0.7445845386	0.7483053965	0.863912381	42.679462693
Alabama	1	2018	7	47777	0.8411784105	0.7488842476	0.7433501078	0.8810377047	42.777570798
Alabama	1	2019	7	48928	0.8685245268	0.7521969876	0.7377537946	0.8923529791	43.420618051
Alabama	1	2020	7	39418	0.8919668343	0.7770830502	0.7727328544	0.9075982058	43.314069714
Alaska	2	2013	7	6748		0.806446516	0.8035301534	0.7865381577	34.644190871
Alaska	2	2014	7	6787		0.7933049108	0.7562893082	0.8332543818	34.845734492
Alaska	2	2015	7	6619		0.8024049399	0.7287473129	0.8570035749	36.002417284
Alaska	2	2016	7	6815	0.849479331	0.7574944778	0.7087433762	0.8572104765	35.074688188
Alaska	2	2017	7	6746	0.8838359662	0.7466092229	0.7150903088	0.8488910164	35.940853839
Alaska	2	2018	7	6711	0.9006793918	0.7665803947	0.7331270547	0.8723714008	37.077931754
Alaska	2	2019	7	6663	0.9215334421	0.7445350734	0.6830433951	0.8719412724	37.051928561
Alaska	2	2020	7	6308	0.9330967169	0.8026619343	0.7076740506	0.9181898846	38.346544071
Arizona	4	2013	7	66532		0.8235878356	0.8749466496	0.8176286043	39.860608429
Arizona	4	2014	7	66177		0.8191919192	0.8628657941	0.8313762626	40.443719117
Arizona	4	2015	7	67014		0.8222197902	0.8506312573	0.8522693516	40.690930253
Arizona	4	2016	7	68398	0.8099463602	0.8233256705	0.8198069869	0.8829731801	41.010438902
Arizona	4	2017	7	68863	0.8610117371	0.8272009012	0.8128928088	0.8968472651	41.39985188
Arizona	4	2018	7	69990	0.8838716437	0.832624899	0.8171372734	0.9085820337	41.700742963
Arizona	4	2019	7	70872	0.9109521205	0.842170616	0.8286404913	0.9239752251	42.347951236
Arizona	4	2020	7	53218	0.9176329228	0.8654250526	0.848023317	0.9367577851	42.882802811
Arkansas	5	2013	7	29591		0.7495281171	0.7963165858	0.7468926956	41.4169511
Arkansas	5	2014	7	29369		0.7461160346	0.7749296495	0.7624053676	41.834825837
Arkansas	5	2015	7	29605		0.744017094	0.7641528306	0.7801282051	42.059348083
Arkansas	5	2016	7	29599	0.7681469592	0.7232031389	0.7035835085	0.8250757981	41.688469205
Arkansas	5	2017	7	30021	0.8241117821	0.7326920376	0.7042098303	0.8432804381	41.684221045
Arkansas	5	2018	7	30503	0.8521676101	0.7288416402	0.6860296854	0.8688043628	41.555978101
Arkansas	5	2019	7	30403	0.866786741	0.7297287936	0.7038279639	0.8799141007	42.328947801
Arkansas	5	2020	7	24654	0.8929941361	0.7452052379	0.740906093	0.8959481504	42.383710554
California	6	2013	7	371403		0.8625459984	0.8929571069	0.8623970044	38.90982033
California	6	2014	7	372553		0.8621615342	0.8831967483	0.8798696664	39.228493664
California	6	2015	7	374943		0.8629484819	0.8780835527	0.8925478724	39.591676602
California	6	2016	7	376035	0.8575961216	0.8612820648	0.8480992692	0.9188232716	39.918161873
California	6	2017	7	377575	0.9044130661	0.8660593792	0.8507537931	0.9359167939	39.979792094
California	6	2018	7	378817	0.9217002299	0.8676140634	0.8473198489	0.9441979088	40.371144906
California	6	2019	7	380091	0.9334366303	0.8722111874	0.8507861395	0.9516317353	40.860457101
California	6	2020	7	303788	0.9441097923	0.8869980364	0.8585487081	0.9625730216	41.285054051
Colorado	8	2013	7	52107		0.89456	0.8545186157	0.88784	39.49663193
Colorado	8	2014	7	52929		0.8907362953	0.8519233389	0.8983511078	39.5216422
Colorado	8	2015	7	53570		0.8933247853	0.8623118018	0.9091580215	39.885738286
Colorado	8	2016	7	54571	0.8521516667	0.886555424	0.8525709498	0.934247203	40.051290979
Colorado	8	2017	7	55600	0.8966027973	0.8911282763	0.8540741043	0.9416551052	40.088093525
Colorado	8	2018	7	55928	0.9127796598	0.890109072	0.8564870259	0.9497636154	40.308861393
Colorado	8	2019	7	57142	0.930439207	0.9037996765	0.8564207046	0.9614944304	40.996902454
Colorado	8	2020	7	48317	0.9387056422	0.9073671736	0.8711315112	0.9628678649	41.015957117
Connecticut	9	2013	7	36382		0.8881758242	0.951495828	0.8922197802	41.462069155
Connecticut	9	2014	7	35985		0.8874671237	0.9490611199	0.9025384911	42.237543421
Connecticut	9	2015	7	35787		0.8898948685	0.9438153164	0.9112487715	42.329477184
Connecticut	9	2016	7	35657	0.8121316745	0.8752009048	0.9031495287	0.9254717543	42.771377289
Connecticut	9	2017	7	35978	0.872538002	0.8804341397	0.9021676208	0.9384574437	42.522624937
Connecticut	9	2018	7	36287	0.889789825	0.8748316843	0.8969013551	0.9432995726	42.764598892
Connecticut	9	2019	7	35578	0.9007970863	0.8739887154	0.8951677125	0.950562737	43.784080049
Connecticut	9	2020	7	29196	0.9196979326	0.8940521141	0.9006330856	0.963923885	43.342718181
Delaware	10	2013	7	8767		0.8587510369	0.9281840832	0.8484417585	42.840082126
Delaware	10	2014	7	9014		0.8532015174	0.9138525155	0.8733187723	42.456733969
Delaware	10	2015	7	9017		0.8538213628	0.9161643836	0.8738489871	43.213818343
Delaware	10	2016	7	8873	0.8076698235	0.8487080557	0.8796320631	0.916052847	44.000901612
Delaware	10	2017	7	8943	0.8761164598	0.8362138963	0.8814512008	0.9350423385	43.942860338
Delaware	10	2018	7	9123	0.8793320371	0.8352968089	0.8576605849	0.9277135995	44.897073331
Delaware	10	2019	7	9261	0.9049642218	0.8630366726	0.8728456068	0.9471153846	45.003347371
Delaware	10	2020	7	7975	0.9209032088	0.8731018091	0.8861811523	0.9540472732	45.403636364
District of Columbia	11	2013	7	6572		0.8441077441	0.9298060708	0.8436026936	38.413420572
District of Columbia	11	2014	7	6517		0.8475836431	0.9261590099	0.8575532274	38.856529078
District of Columbia	11	2015	7	6610		0.8603222056	0.9256231306	0.8739412058	38.352496218
District of Columbia	11	2016	7	6646	0.8551324503	0.8415562914	0.8887396892	0.8854304636	38.413331327
District of Columbia	11	2017	7	6565	0.8979625919	0.8560454242	0.8862218862	0.9074816299	38.360091394
District of Columbia	11	2018	7	6549	0.9202136538	0.8674678685	0.8901058781	0.9295610082	38.099862574
District of Columbia	11	2019	7	6647	0.9297500408	0.8928279693	0.9036421499	0.9433099167	38.59440349
District of Columbia	11	2020	7	5343	0.9500110595	0.900022119	0.9160971011	0.9575315196	38.216732173
Florida	12	2013	7	191034		0.8539957701	0.9145595858	0.8499297741	43.732864307
Florida	12	2014	7	192673		0.8531224467	0.9122535323	0.8607357946	44.096500288
Florida	12	2015	7	194548		0.8535974157	0.9141475599	0.8773208268	44.390325267
Florida	12	2016	7	196828	0.8095129541	0.8484522364	0.8590412909	0.9023098496	44.721284573
Florida	12	2017	7	199644	0.8694937541	0.852744122	0.8599341254	0.9178172255	44.665184028
Florida	12	2018	7	202160	0.8934697625	0.8556044931	0.8566538664	0.9294010253	45.088083696
Florida	12	2019	7	205294	0.9103210683	0.8565137093	0.8555244871	0.9376128914	45.886499362
Florida	12	2020	7	132868	0.921694146	0.8728658462	0.8682310152	0.9495611716	45.817043984
Georgia	13	2013	7	96568		0.8271808979	0.8868774506	0.8216138047	39.101255074
Georgia	13	2014	7	97519		0.8176515535	0.8820282151	0.8318248835	39.353490089
Georgia	13	2015	7	97854		0.8213619903	0.8817917876	0.843626117	39.938265171
Georgia	13	2016	7	98064	0.8142989985	0.8130591392	0.8313101508	0.882801227	40.264133627
Georgia	13	2017	7	99799	0.8648413323	0.8172147915	0.8196786185	0.8985785471	40.320884979
Georgia	13	2018	7	100855	0.8880521723	0.820257325	0.8195608595	0.9098114267	40.626146448
Georgia	13	2019	7	101652	0.9016170283	0.8256228859	0.8339368024	0.9172819899	41.269812694
Georgia	13	2020	7	64348	0.920296256	0.845756608	0.8441193963	0.9349901474	41.565005905
Hawaii	15	2013	7	14286		0.8833555654	0.9209493063	0.8762412924	40.917891642
Hawaii	15	2014	7	14322		0.8816559283	0.9197142371	0.8940976079	40.874109761
Hawaii	15	2015	7	14124		0.8764415157	0.9191746952	0.9072936948	41.121566129
Hawaii	15	2016	7	14247	0.8388223924	0.8667757044	0.8819148046	0.9185190692	41.622727592
Hawaii	15	2017	7	14433	0.8822534383	0.8515849084	0.8749083802	0.9281459145	41.641931684
Hawaii	15	2018	7	14400	0.9032759003	0.8523996155	0.8796901477	0.9358130592	42.397430556
Hawaii	15	2019	7	14228	0.9194535682	0.8595103016	0.8878001767	0.9464765602	43.66790835
Hawaii	15	2020	7	14770	0.9312694845	0.8683390125	0.8872093915	0.9607772058	43.167975626
Idaho	16	2013	7	15786		0.8626875408	0.7494327391	0.8482061318	39.20416825
Idaho	16	2014	7	15602		0.8539222149	0.7474615133	0.8489782465	39.308037431
Idaho	16	2015	7	15725		0.8611966708	0.7542933669	0.8722065666	39.653418124
Idaho	16	2016	7	15955	0.7869254078	0.8532654245	0.7708225556	0.8968473986	39.884048887
Idaho	16	2017	7	16536	0.8548638375	0.8517479903	0.7600926771	0.9129432293	39.669871795
Idaho	16	2018	7	16711	0.8849568434	0.8619605425	0.7482642469	0.9231812577	40.495960744
Idaho	16	2019	7	17360	0.9030349642	0.8502041058	0.7552348431	0.938768266	40.296198157
Idaho	16	2020	7	15486	0.9244950522	0.8706113596	0.7836583774	0.9569608242	41.109711998
Illinois	17	2013	7	128070		0.848630243	0.8586247332	0.846129408	40.088521902
Illinois	17	2014	7	126650		0.8414969412	0.8621563972	0.8574388865	40.641010659
Illinois	17	2015	7	126642		0.8431388715	0.8571104581	0.8739653069	40.637979501
Illinois	17	2016	7	126334	0.809720077	0.8372911315	0.825026989	0.9042116479	41.113089113
Illinois	17	2017	7	126482	0.8672104189	0.8379072977	0.8267287406	0.9160820091	41.09709682
Illinois	17	2018	7	126456	0.8884457546	0.8385477305	0.821314841	0.9249093777	41.42436895
Illinois	17	2019	7	125007	0.8993279065	0.8367355458	0.8217297743	0.9299352953	42.289159807
Illinois	17	2020	7	116596	0.9160918593	0.8546263981	0.8395167822	0.9459726841	42.138503894
Indiana	18	2013	7	66363		0.8197418761	0.8462201605	0.8125982252	40.090351551
Indiana	18	2014	7	66555		0.8137475089	0.8353069998	0.8274285895	40.436466081
Indiana	18	2015	7	66045		0.8166938397	0.8362141737	0.8381605447	40.713801196
Indiana	18	2016	7	66262	0.7742361133	0.8009761216	0.7978612415	0.8774919716	40.966149528
Indiana	18	2017	7	67004	0.8329850582	0.8026144202	0.7940170476	0.89226515	40.795042087
Indiana	18	2018	7	67680	0.8634709304	0.7998413538	0.7863839404	0.9030236103	40.835904255
Indiana	18	2019	7	67445	0.877289978	0.7964672258	0.786235259	0.9092911025	41.502498332
Indiana	18	2020	7	57082	0.8982544305	0.8164772619	0.8060841288	0.925113738	41.731281315
Iowa	19	2013	7	31817		0.8454141765	0.8256227758	0.8357984708	41.489675331
Iowa	19	2014	7	31819		0.8389915294	0.8203465902	0.8455612619	41.902605362
Iowa	19	2015	7	31900		0.8393985763	0.8289941554	0.855831282	42.051097179
Iowa	19	2016	7	32106	0.7705352411	0.826709062	0.7908853366	0.8900039746	41.863826076
Iowa	19	2017	7	32456	0.8301119023	0.829258688	0.7892142217	0.9017819053	41.710531181
Iowa	19	2018	7	32362	0.8565341375	0.8198564358	0.7845739778	0.9130420532	42.071071009
Iowa	19	2019	7	32721	0.8687356247	0.8135022191	0.7830914369	0.9199196605	42.463402708
Iowa	19	2020	7	33035	0.8926512968	0.8247642127	0.8073988356	0.9272661776	42.653973059
Kansas	20	2013	7	29369		0.8439148692	0.8387344981	0.8325018842	40.340937723
Kansas	20	2014	7	28802		0.8316951072	0.8378997526	0.8351664413	40.969828484
Kansas	20	2015	7	28774		0.8315376722	0.8355142691	0.8579228965	41.263710294
Kansas	20	2016	7	28590	0.7840800059	0.8199867149	0.8009764872	0.8877038896	41.222910108
Kansas	20	2017	7	29374	0.8475397481	0.8260417041	0.8097728387	0.9037433155	40.998570164
Kansas	20	2018	7	29567	0.875957121	0.8212187044	0.7973096669	0.9153103743	41.235972537
Kansas	20	2019	7	29697	0.8893298841	0.823487721	0.7967399843	0.9224635884	41.522813752
Kansas	20	2020	7	29508	0.9082705673	0.8370265255	0.8120623806	0.9351235309	42.357292938
Kentucky	21	2013	7	44997		0.8010060833	0.8689665747	0.8021057557	40.744249617
Kentucky	21	2014	7	44868		0.7917655072	0.8566460234	0.8115179557	40.972497103
Kentucky	21	2015	7	44749		0.790459564	0.8641652386	0.8285127866	41.425506715
Kentucky	21	2016	7	44739	0.7621820411	0.7822438058	0.818301422	0.8668756925	41.301928966
Kentucky	21	2017	7	45209	0.8202396804	0.7732847431	0.8055982437	0.8759782279	41.236501582
Kentucky	21	2018	7	45475	0.8456093939	0.7810498468	0.8046582117	0.8964540982	41.459219351
Kentucky	21	2019	7	45649	0.8690712603	0.7769824043	0.8039809042	0.9044705122	42.234090561
Kentucky	21	2020	7	39052	0.8918686561	0.8024848855	0.8203245037	0.9234289201	42.097664652
Louisiana	22	2013	7	44627		0.7613379219	0.862479945	0.7625165001	40.496896498
Louisiana	22	2014	7	43908		0.7559476843	0.8464150451	0.7719436674	40.888949622
Louisiana	22	2015	7	43892		0.757981142	0.8469225383	0.7938065381	41.360316231
Louisiana	22	2016	7	43598	0.7786829927	0.7442875048	0.7822191797	0.8356151176	41.968897656
Louisiana	22	2017	7	44024	0.8299904489	0.7481852913	0.7697947214	0.8566141356	41.40989006
Louisiana	22	2018	7	43589	0.8527910225	0.7471704474	0.7674233373	0.8727785002	41.764344215
Louisiana	22	2019	7	43896	0.8782756312	0.7485893267	0.7634807655	0.8837748661	42.650719883
Louisiana	22	2020	7	31513	0.9028953074	0.7675711588	0.7763209857	0.9066368278	42.685304478
Maine	23	2013	7	12982		0.8586523612	0.8582917642	0.8378444282	44.884070251
Maine	23	2014	7	12962		0.8509509428	0.8784753817	0.8423802139	44.824795556
Maine	23	2015	7	13059		0.8584959582	0.8814697748	0.8613538009	45.145416954
Maine	23	2016	7	12460	0.7224510814	0.8493820803	0.8426653406	0.8918640577	44.789004815
Maine	23	2017	7	12583	0.7851436342	0.8496515383	0.8373201089	0.9073601904	44.70404514
Maine	23	2018	7	13275	0.8016951863	0.841356149	0.8307609476	0.9142811451	45.774387947
Maine	23	2019	7	13493	0.8269412879	0.834832702	0.8357300397	0.9195864899	46.47291188
Maine	23	2020	7	12997	0.8605785124	0.8551239669	0.843659157	0.9280165289	46.630530122
Maryland	24	2013	7	59033		0.8854355153	0.9190859712	0.8838921412	40.593125879
Maryland	24	2014	7	58876		0.8833827524	0.9195231919	0.8957049768	40.517358516
Maryland	24	2015	7	59332		0.8837969095	0.9183454258	0.9022339956	40.798624688
Maryland	24	2016	7	59408	0.837051013	0.8797411437	0.8780435587	0.9240535346	41.363654727
Maryland	24	2017	7	59463	0.8887400881	0.8831718062	0.873951827	0.9395418502	41.461177539
Maryland	24	2018	7	59840	0.9012430092	0.8819754905	0.8741510112	0.9446694367	41.62391377
Maryland	24	2019	7	60237	0.9160551498	0.8864408848	0.881464753	0.9502187516	42.057456381
Maryland	24	2020	7	49319	0.9312303523	0.902395664	0.887254228	0.9622330623	41.977148766
Massachusetts	25	2013	7	68725		0.893630693	0.9383693868	0.8932545529	40.843201164
Massachusetts	25	2014	7	68544		0.8893221825	0.9399878402	0.9023053311	41.245623249
Massachusetts	25	2015	7	68785		0.8918617439	0.9409889487	0.9145797329	41.424860071
Massachusetts	25	2016	7	69126	0.8190412305	0.8804268131	0.9040899061	0.9295508791	41.611882649
Massachusetts	25	2017	7	69635	0.8715829625	0.8826229203	0.905975292	0.938225854	41.644345516
Massachusetts	25	2018	7	70131	0.8900956894	0.8836805021	0.9005943807	0.9461093505	41.923500307
Massachusetts	25	2019	7	70579	0.9031702484	0.8809480262	0.900102651	0.9524767566	42.366001218
Massachusetts	25	2020	7	55939	0.9216466417	0.9005318101	0.906970476	0.9646641718	42.217558412
Michigan	26	2013	7	99441		0.837860229	0.8118655933	0.8265027895	41.438742571
Michigan	26	2014	7	98180		0.8322231076	0.8189440077	0.8386401062	42.13800163
Michigan	26	2015	7	98008		0.8318593489	0.8180152915	0.8500367166	42.256754551
Michigan	26	2016	7	98145	0.7756607122	0.8183161004	0.7760087806	0.8864542044	42.601915533
Michigan	26	2017	7	99459	0.8351187606	0.8196788327	0.7685528591	0.9015848724	42.316100102
Michigan	26	2018	7	99419	0.8630298067	0.8178315328	0.7648691888	0.9133096056	42.774017039
Michigan	26	2019	7	100078	0.8779580868	0.8170464961	0.7717795246	0.9189442546	43.316383221
Michigan	26	2020	7	99831	0.901339609	0.8358925757	0.789251623	0.9323060868	43.744117559
Minnesota	27	2013	7	54988		0.8678826814	0.7982147435	0.8589346488	41.056175893
Minnesota	27	2014	7	54297		0.8634457436	0.8045348837	0.8671369214	41.58677275
Minnesota	27	2015	7	54811		0.8692895589	0.8060564663	0.8810312793	41.844629728
Minnesota	27	2016	7	54115	0.7931690647	0.8572649075	0.788741053	0.9066037553	41.672068742
Minnesota	27	2017	7	55161	0.8557059741	0.8646233411	0.7939466954	0.9231851542	41.28391436
Minnesota	27	2018	7	55783	0.8735987339	0.8575277427	0.782261079	0.9281232926	42.242009214
Minnesota	27	2019	7	56670	0.8917045581	0.8562899708	0.7861307957	0.9320173007	42.547573672
Minnesota	27	2020	7	56116	0.908836541	0.86565584	0.8018307667	0.9428101486	43.144575522
Mississippi	28	2013	7	29648		0.7128177587	0.7860439255	0.7037593985	40.070966001
Mississippi	28	2014	7	29255		0.7039636364	0.771858229	0.7229818182	40.756998804
Mississippi	28	2015	7	29600		0.7023112038	0.761284443	0.7361345746	40.964189189
Mississippi	28	2016	7	28986	0.7703424557	0.7057295478	0.6737415477	0.8065271477	41.258021114
Mississippi	28	2017	7	29096	0.822781119	0.7080736286	0.666877599	0.8356843448	41.315610393
Mississippi	28	2018	7	29124	0.8441435194	0.708106727	0.6605273619	0.8534146074	41.80771872
Mississippi	28	2019	7	29217	0.8649954587	0.7029972752	0.6592412113	0.8580926431	42.514563439
Mississippi	28	2020	7	20369	0.8795908374	0.7233799445	0.6979159946	0.8751836335	42.395552064
Missouri	29	2013	7	61699		0.8166349663	0.8191558514	0.8088898028	41.2366651
Missouri	29	2014	7	61394		0.8088283416	0.8137907987	0.8180080258	41.389875232
Missouri	29	2015	7	61586		0.8100881556	0.8164115312	0.8325043735	41.571444809
Missouri	29	2016	7	61923	0.7771476401	0.8031806768	0.7721541968	0.8750960865	41.551346027
Missouri	29	2017	7	62073	0.8384932393	0.8041619836	0.7664665945	0.8904158578	41.321186345
Missouri	29	2018	7	62416	0.8600020336	0.8016709599	0.7575880445	0.9015557213	42.039461036
Missouri	29	2019	7	63174	0.8777154342	0.8014739134	0.7635835753	0.909940541	42.375423434
Missouri	29	2020	7	57730	0.8928544664	0.8196193046	0.788314355	0.9254908573	42.6018881
Montana	30	2013	7	10113		0.844534329	0.7911811441	0.8211989214	41.753485613
Montana	30	2014	7	9878		0.8354845535	0.7932098765	0.8294540838	42.557096578
Montana	30	2015	7	9841		0.8353417938	0.7891935055	0.838861043	43.292653186
Montana	30	2016	7	10161	0.7185124307	0.8283336758	0.7695609517	0.8698376824	42.532821573
Montana	30	2017	7	10221	0.7826309853	0.8239516046	0.7867389994	0.8753204142	42.671265043
Montana	30	2018	7	10336	0.8294283983	0.8239749546	0.7691775291	0.8966875379	43.647736068
Montana	30	2019	7	10649	0.8555326865	0.8335783593	0.7620144832	0.915613055	43.974082073
Montana	30	2020	7	10615	0.8640368442	0.8378053664	0.7622330961	0.9224068883	44.155252002
Nebraska	31	2013	7	18835		0.8453925296	0.8447073738	0.8277231045	40.331245023
Nebraska	31	2014	7	19181		0.8411880754	0.8419739769	0.8460105217	40.645430374
Nebraska	31	2015	7	19089		0.8413496052	0.8434437086	0.8675796565	40.982083923
Nebraska	31	2016	7	19017	0.7783622169	0.8339516084	0.8067688378	0.8906483583	40.87984435
Nebraska	31	2017	7	19545	0.8422016372	0.8440866006	0.816490973	0.9104911676	40.456638526
Nebraska	31	2018	7	19451	0.8637688985	0.8314794816	0.7995185074	0.919600432	41.086679348
Nebraska	31	2019	7	19766	0.8849077667	0.8299399288	0.8083142236	0.9262665462	41.411211171
Nebraska	31	2020	7	19607	0.8969476032	0.8459110942	0.8238511385	0.9361771587	42.158004794
Nevada	32	2013	7	26748		0.8530916031	0.868595427	0.8604961832	40.19560341
Nevada	32	2014	7	26812		0.8471156039	0.8759036699	0.8609865471	40.290093988
Nevada	32	2015	7	26988		0.8481289884	0.8776314611	0.8778084054	40.698162146
Nevada	32	2016	7	27285	0.8332460341	0.8408784795	0.8479748633	0.8937443879	41.273043797
Nevada	32	2017	7	28413	0.8838820868	0.8406161359	0.8435335803	0.9163405264	40.897370922
Nevada	32	2018	7	28927	0.904513583	0.8472217328	0.8469705219	0.9251964342	41.336951637
Nevada	32	2019	7	29347	0.9116524394	0.8423207717	0.8547822114	0.9385106531	41.857941186
Nevada	32	2020	7	23088	0.9293495457	0.8575690458	0.858671749	0.945396194	42.237959113
New Hampshire	33	2013	7	13547		0.9062645733	0.9205238608	0.900202083	42.659850889
New Hampshire	33	2014	7	13426		0.910261443	0.9215981573	0.9127738086	43.087814688
New Hampshire	33	2015	7	13378		0.9045762037	0.9222361584	0.9169120573	43.843399611
New Hampshire	33	2016	7	13428	0.7843400095	0.9011196972	0.8952118972	0.9372338748	43.519809354
New Hampshire	33	2017	7	13708	0.8470105963	0.90146183	0.8951282694	0.9469409854	43.591552378
New Hampshire	33	2018	7	13780	0.8656762374	0.9047032561	0.8834006762	0.9534292972	43.876632801
New Hampshire	33	2019	7	13896	0.8885768501	0.8951043643	0.8952141874	0.9559772296	44.432426598
New Hampshire	33	2020	7	12509	0.8997252747	0.9002403846	0.8923006834	0.9601648352	44.638580222
New Jersey	34	2013	7	88510		0.8896260201	0.9544786878	0.8915869195	40.649892667
New Jersey	34	2014	7	88152		0.8853476919	0.9532769528	0.8983669911	40.899650604
New Jersey	34	2015	7	87815		0.8827943478	0.9516784666	0.9072502252	41.293309799
New Jersey	34	2016	7	87279	0.8408987906	0.8808291391	0.899033255	0.9250888534	41.699767413
New Jersey	34	2017	7	88114	0.8880179436	0.8862590013	0.8989654554	0.938708535	41.831388883
New Jersey	34	2018	7	88586	0.902547446	0.885193044	0.8934160476	0.9425313245	42.22826406
New Jersey	34	2019	7	88459	0.9126195321	0.8853432762	0.894518262	0.9508345193	42.503442273
New Jersey	34	2020	7	69923	0.9290095203	0.8929116319	0.8976047133	0.9614915171	42.35400369
New Mexico	35	2013	7	19714		0.7278410596	0.8014369177	0.7128476821	39.63736431
New Mexico	35	2014	7	19283		0.7158723312	0.7782423414	0.70525124	40.959498003
New Mexico	35	2015	7	19072		0.7182667614	0.7776432607	0.7303426042	41.142879614
New Mexico	35	2016	7	19060	0.727470851	0.7148305546	0.756088588	0.7684973303	41.437670514
New Mexico	35	2017	7	19021	0.7840218878	0.7141997264	0.7621435736	0.7887277702	41.725776773
New Mexico	35	2018	7	19247	0.8072942069	0.7301251829	0.7505845138	0.8148268574	42.806203564
New Mexico	35	2019	7	19281	0.8432006902	0.7353068047	0.7571285476	0.8368920522	42.981951144
New Mexico	35	2020	7	15882	0.8650969343	0.7830549406	0.7645936059	0.8746897431	43.756831633
New York	36	2013	7	196165		0.856291916	0.9229288995	0.8538639589	40.636510081
New York	36	2014	7	196276		0.8557747207	0.925851365	0.8623730165	40.916632701
New York	36	2015	7	195742		0.8562918597	0.9263586555	0.8753196067	41.146309939
New York	36	2016	7	196104	0.7956089094	0.8442796153	0.8626496822	0.8982222174	41.46349386
New York	36	2017	7	196585	0.848113791	0.8465757845	0.8613713182	0.912016348	41.572032454
New York	36	2018	7	196967	0.8653128619	0.8443035125	0.8545946911	0.9199457477	41.831281382
New York	36	2019	7	198788	0.8821273127	0.8446867791	0.852955642	0.9287042315	42.380294585
New York	36	2020	7	163958	0.9009887743	0.8558985269	0.867498407	0.9394359036	42.634625941
North Carolina	37	2013	7	97310		0.8173196501	0.8862487994	0.814681042	40.909844826
North Carolina	37	2014	7	97830		0.8181456469	0.8839012029	0.8291681005	41.246131044
North Carolina	37	2015	7	98184		0.816221656	0.8932545991	0.8419694666	41.592540536
North Carolina	37	2016	7	99596	0.794584994	0.8150313461	0.8501662201	0.8787491146	41.612243464
North Carolina	37	2017	7	101233	0.8479759995	0.8193295694	0.8494103633	0.8970707723	41.78284749
North Carolina	37	2018	7	102523	0.8755693411	0.8232930072	0.8434387985	0.9088023742	42.081718249
North Carolina	37	2019	7	103516	0.8905924625	0.8235882569	0.8475388248	0.9195214569	42.58804436
North Carolina	37	2020	7	75884	0.9053002517	0.836260338	0.8625840887	0.9305285868	42.901125402
North Dakota	38	2013	7	7435		0.8483641536	0.8684070325	0.8489331437	41.329791527
North Dakota	38	2014	7	7625		0.8496136865	0.8776668961	0.8500275938	41.75252459
North Dakota	38	2015	7	7869		0.8384471718	0.8853503185	0.8588580576	40.774939637
North Dakota	38	2016	7	7864	0.7754747259	0.8292324151	0.8612021858	0.8894089329	40.991353001
North Dakota	38	2017	7	7892	0.8198138298	0.8308510638	0.8597010277	0.897606383	41.123669539
North Dakota	38	2018	7	7876	0.8482749434	0.8152391102	0.8627298224	0.9015585454	41.500507872
North Dakota	38	2019	7	7960	0.8690570003	0.8246650906	0.8641021833	0.9127922248	41.560050251
North Dakota	38	2020	7	7790	0.8885722041	0.8531487514	0.8871733967	0.9383821933	41.764056483
Ohio	39	2013	7	118223		0.8299866726	0.8807799818	0.8312927588	41.143136276
Ohio	39	2014	7	117468		0.8265478349	0.8791593307	0.8426222774	41.563855688
Ohio	39	2015	7	118123		0.827730644	0.8773004807	0.859550362	41.577685971
Ohio	39	2016	7	117426	0.7727146728	0.8153764989	0.8454385005	0.8870011535	42.073297225
Ohio	39	2017	7	118842	0.834104692	0.8165407667	0.8424926792	0.9046175125	41.909863516
Ohio	39	2018	7	119086	0.8574016632	0.8168562263	0.84234052	0.9154007264	42.023260501
Ohio	39	2019	7	119589	0.8770620754	0.8198820541	0.84275201	0.9223947759	42.557041199
Ohio	39	2020	7	102620	0.898633616	0.8372617748	0.8592001279	0.9359940391	42.692058078
Oklahoma	40	2013	7	37146		0.7520095776	0.7328460559	0.7507553731	39.052980132
Oklahoma	40	2014	7	37293		0.7445641361	0.7080668864	0.7747775915	39.301531118
Oklahoma	40	2015	7	37251		0.731694843	0.7057588366	0.7906804944	39.453652251
Oklahoma	40	2016	7	37022	0.7967109967	0.7211211211	0.6842162046	0.8321750322	39.655826265
Oklahoma	40	2017	7	37105	0.8439283269	0.7216388952	0.6849477766	0.8445845697	39.576014014
Oklahoma	40	2018	7	37648	0.8737427958	0.7342637586	0.6776976003	0.8667646062	39.961379091
Oklahoma	40	2019	7	37792	0.8927499649	0.7244986678	0.679336944	0.8772963119	40.695279424
Oklahoma	40	2020	7	37883	0.905363678	0.7644670631	0.696727225	0.8942989478	41.20602909
Oregon	41	2013	7	39342		0.8875340927	0.8534254353	0.8836836194	41.668166336
Oregon	41	2014	7	39336		0.8799680978	0.8548937369	0.8889538748	41.883719748
Oregon	41	2015	7	39992		0.891542914	0.8529579837	0.9052408266	42.066513303
Oregon	41	2016	7	40269	0.8121719245	0.8706408191	0.8388366372	0.9203783587	42.248354814
Oregon	41	2017	7	41219	0.8728047914	0.8752664704	0.8380759746	0.9367830677	42.368349548
Oregon	41	2018	7	42117	0.8966032102	0.8789100411	0.8320799978	0.9467462984	42.299261581
Oregon	41	2019	7	42080	0.9118305793	0.8787079435	0.8382993506	0.9503533745	43.076211977
Oregon	41	2020	7	34415	0.9274348338	0.8908736301	0.8493375312	0.960312055	42.971030074
Pennsylvania	42	2013	7	128382		0.8380749053	0.9109628531	0.8332257584	42.069822872
Pennsylvania	42	2014	7	127859		0.8320718388	0.9084502714	0.8408442054	42.491338115
Pennsylvania	42	2015	7	128145		0.8360545461	0.9112178353	0.8526807959	42.673377814
Pennsylvania	42	2016	7	127270	0.747730004	0.8231406062	0.8620632955	0.8822856857	42.670126503
Pennsylvania	42	2017	7	127433	0.8111616591	0.825517839	0.8596996483	0.8965738473	42.681824959
Pennsylvania	42	2018	7	129066	0.8326326787	0.8271453605	0.8511118511	0.906904807	43.123208281
Pennsylvania	42	2019	7	129194	0.8495402459	0.8219960136	0.8494184075	0.91151887	43.89906652
Pennsylvania	42	2020	7	130159	0.869455311	0.8379359501	0.8644253709	0.9229710914	43.908327507
Rhode Island	44	2013	7	10618		0.8727162612	0.9537565383	0.8751387908	41.842154831
Rhode Island	44	2014	7	10803		0.8481452093	0.9413292409	0.8715532632	41.807090623
Rhode Island	44	2015	7	10563		0.8651053385	0.9356136821	0.8922069953	42.550127805
Rhode Island	44	2016	7	10338	0.7890958277	0.84684216	0.9007597896	0.90916658	43.21861095
Rhode Island	44	2017	7	10516	0.8566911465	0.858119135	0.8923318738	0.9252345981	42.353081019
Rhode Island	44	2018	7	10489	0.8642000615	0.8476990878	0.8838118646	0.9332786717	43.228429784
Rhode Island	44	2019	7	10447	0.8823346787	0.8554279209	0.8844399956	0.9463934596	43.967263329
Rhode Island	44	2020	7	8024	0.899319342	0.8658536585	0.8944108761	0.9524957459	43.63272682
South Carolina	45	2013	7	47205		0.7983969994	0.8651379712	0.7929494765	41.710984006
South Carolina	45	2014	7	47361		0.7872842668	0.8663573914	0.794410422	42.104706404
South Carolina	45	2015	7	48023		0.7976995791	0.8651051708	0.8178172443	42.301334777
South Carolina	45	2016	7	48405	0.7831860343	0.786379944	0.8056093856	0.8613493175	42.527548807
South Carolina	45	2017	7	49438	0.8401300173	0.7855783419	0.8044329535	0.8772747685	42.353918039
South Carolina	45	2018	7	49818	0.8673393521	0.793605948	0.8038949055	0.8996070101	42.614657353
South Carolina	45	2019	7	50893	0.8857409133	0.7972662317	0.8101301508	0.9079010045	43.404318865
South Carolina	45	2020	7	36656	0.9021335251	0.8138858924	0.8285867274	0.920322426	43.373526844
South Dakota	46	2013	7	8740		0.8189990282	0.8351578613	0.811345967	39.781922197
South Dakota	46	2014	7	8626		0.8181258466	0.8486893737	0.8267454747	40.798979828
South Dakota	46	2015	7	8742		0.8060679612	0.8595548734	0.826092233	40.317204301
South Dakota	46	2016	7	8725	0.7447556687	0.799199709	0.828097475	0.8564326422	39.931575931
South Dakota	46	2017	7	8881	0.7841847111	0.8069147027	0.8306509044	0.8703194162	40.182411891
South Dakota	46	2018	7	8986	0.8342560961	0.8035104253	0.8200762735	0.8875014725	40.360449588
South Dakota	46	2019	7	9128	0.871723498	0.812572489	0.8241859244	0.9051264208	41.468229623
South Dakota	46	2020	7	8978	0.8824925816	0.8118694362	0.8396013289	0.9201186944	41.379594564
Tennessee	47	2013	7	65148		0.7913750861	0.8478890773	0.7882844652	40.944986799
Tennessee	47	2014	7	65554		0.7839705718	0.8450368307	0.7994808669	41.214922049
Tennessee	47	2015	7	65549		0.7880816873	0.8519115853	0.8199499418	41.590855696
Tennessee	47	2016	7	65757	0.7695839357	0.7779242855	0.7932628041	0.8575468251	41.937725261
Tennessee	47	2017	7	66575	0.8326741376	0.7781806196	0.7973357309	0.8779389145	41.920705971
Tennessee	47	2018	7	67950	0.8638110168	0.7860568056	0.7870516185	0.8988380671	41.669639441
Tennessee	47	2019	7	68415	0.8788192804	0.7861507749	0.7983024001	0.9036131726	42.359321786
Tennessee	47	2020	7	50966	0.8993458536	0.8023000633	0.8225500082	0.9220299641	42.432425539
Texas	48	2013	7	253599		0.8113347266	0.8160250957	0.816082213	38.311507537
Texas	48	2014	7	254883		0.8052743892	0.816187559	0.8242592471	38.694863918
Texas	48	2015	7	259224		0.8019421688	0.8136158564	0.8364785433	38.938578218
Texas	48	2016	7	261896	0.8369615397	0.7958706103	0.7824878614	0.8788882168	39.058843969
Texas	48	2017	7	265842	0.8864593711	0.8023187405	0.779505616	0.8997591836	39.070466668
Texas	48	2018	7	268100	0.9022363199	0.8011723867	0.7809710724	0.9110836414	39.500048489
Texas	48	2019	7	272776	0.9182206949	0.8116303933	0.787386331	0.9254677358	40.169142447
Texas	48	2020	7	177674	0.930528429	0.8351463626	0.8084841867	0.9381655248	40.520554499
Utah	49	2013	7	28967		0.9207484082	0.8436972715	0.9082630811	33.858666759
Utah	49	2014	7	28666		0.9193183857	0.8509074668	0.9194618834	34.652829136
Utah	49	2015	7	29290		0.9108174184	0.8341424592	0.9269744535	35.017753499
Utah	49	2016	7	29828	0.8703215055	0.9153878203	0.8527605021	0.9484410805	34.739573555
Utah	49	2017	7	30904	0.9246478873	0.918175721	0.8524859458	0.9526827632	34.703015791
Utah	49	2018	7	31603	0.9410007223	0.9235997111	0.8579567434	0.9648039924	35.02540898
Utah	49	2019	7	32371	0.9497299543	0.9231727973	0.8599335278	0.9713975264	35.370794847
Utah	49	2020	7	30103	0.958385395	0.9293002915	0.8792049489	0.9735179786	35.916287413
Vermont	50	2013	7	6388		0.8868958645	0.873778664	0.8669656203	42.523794615
Vermont	50	2014	7	6370		0.86526001	0.877665996	0.8626017611	43.421507064
Vermont	50	2015	7	6326		0.8865319865	0.8922202626	0.8954545455	43.806354727
Vermont	50	2016	7	6411	0.7300928998	0.8780690113	0.8572766436	0.9148971466	44.004523475
Vermont	50	2017	7	6340	0.7881640888	0.8618022865	0.8665136737	0.9150975118	44.154574132
Vermont	50	2018	7	6436	0.811627907	0.8641196013	0.8405204461	0.9323920266	44.831883157
Vermont	50	2019	7	6543	0.8315599935	0.8705189065	0.8520057824	0.9337043706	45.44612563
Vermont	50	2020	7	6445	0.8502862917	0.8760525429	0.8473025947	0.9405523745	44.815671063
Virginia	51	2013	7	83044		0.8729360543	0.8807234257	0.8666726076	40.038124368
Virginia	51	2014	7	83393		0.8731655522	0.8764199862	0.8787020768	40.22886813
Virginia	51	2015	7	83472		0.8669738124	0.8814016173	0.8856557014	40.54402674
Virginia	51	2016	7	83546	0.8246343399	0.8651750507	0.8433877822	0.9101880897	40.876570991
Virginia	51	2017	7	84422	0.8785538742	0.8649184745	0.8387723334	0.9244626305	40.636398095
Virginia	51	2018	7	84755	0.8960868054	0.8670233898	0.8371289888	0.9329468143	41.045672822
Virginia	51	2019	7	84938	0.9110190514	0.8668882715	0.8375347494	0.9361108355	41.535155054
Virginia	51	2020	7	68506	0.9216901855	0.8794196924	0.8498514902	0.9449342001	41.776851663
Washington	53	2013	7	69593		0.8941367101	0.8730453685	0.8879703535	40.515727156
Washington	53	2014	7	70600		0.8924202854	0.8785224096	0.8997240789	40.642932011
Washington	53	2015	7	71804		0.8960782606	0.882092344	0.9137275393	40.720934767
Washington	53	2016	7	72383	0.8353722676	0.8869580253	0.8660477245	0.9377080361	41.004338035
Washington	53	2017	7	74695	0.8930565637	0.8906974147	0.8652410914	0.9465352616	40.997335832
Washington	53	2018	7	76225	0.9108148473	0.8884808791	0.864642057	0.9531945796	41.167149885
Washington	53	2019	7	77879	0.9262711751	0.893557949	0.8629590736	0.9616400874	41.556619885
Washington	53	2020	7	65452	0.9365555502	0.9068976083	0.8703713136	0.9656167852	41.780022001
West Virginia	54	2013	7	18268		0.7822483164	0.8797409084	0.7801185748	42.99479965
West Virginia	54	2014	7	18216		0.7752161383	0.8741296611	0.7834582133	43.618412385
West Virginia	54	2015	7	18051		0.7844098255	0.8818318318	0.8136997491	43.65314941
West Virginia	54	2016	7	17909	0.713430734	0.7671771402	0.8465831843	0.8535469108	43.573007985
West Virginia	54	2017	7	17758	0.7698700065	0.7576423102	0.8361854718	0.8666231377	43.571010249
West Virginia	54	2018	7	18066	0.794685005	0.7486450259	0.8099945085	0.8740602599	44.179121001
West Virginia	54	2019	7	18130	0.8177651427	0.7552216291	0.8174560937	0.8916802042	44.91693326
West Virginia	54	2020	7	14290	0.8466081163	0.772940642	0.8308270677	0.9080860085	45.119804059
Wisconsin	55	2013	7	58556		0.8408541715	0.8023655866	0.8300427802	41.731265797
Wisconsin	55	2014	7	58549		0.8435352234	0.8008607112	0.8426940149	42.23108849
Wisconsin	55	2015	7	58578		0.8412382947	0.8054397415	0.8558306924	42.411195329
Wisconsin	55	2016	7	58569	0.7468970204	0.8348356404	0.769766863	0.8843223522	42.59268555
Wisconsin	55	2017	7	59059	0.8143095373	0.8341612262	0.7662770274	0.8990739427	42.706615418
Wisconsin	55	2018	7	59833	0.8388170574	0.8319317425	0.7579354126	0.9077052455	42.734912172
Wisconsin	55	2019	7	59767	0.8605418304	0.8277302077	0.7612068966	0.9133211679	43.471112821
Wisconsin	55	2020	7	59600	0.8786372932	0.841896595	0.7737175678	0.9256395537	43.903540268
Wyoming	56	2013	7	5828		0.8650132861	0.7795154185	0.852081488	39.603980782
Wyoming	56	2014	7	5820		0.8550673281	0.7968784348	0.8626860383	39.757216495
Wyoming	56	2015	7	5819		0.8640724947	0.7715637772	0.8749111585	40.566592198
Wyoming	56	2016	7	5800	0.7930112319	0.8386521662	0.7745700246	0.8951684792	40.701551724
Wyoming	56	2017	7	5912	0.8557457213	0.8601117709	0.8071811149	0.9114565141	39.361129905
Wyoming	56	2018	7	5740	0.8674351585	0.8278097983	0.771288544	0.9135446686	41.981010453
Wyoming	56	2019	7	5967	0.8915412558	0.8384362567	0.7702135774	0.9311537796	41.194402547
Wyoming	56	2020	7	5251	0.9015151515	0.8542663477	0.768520554	0.9358054226	41.102647115
